1.215117263793945312e+01
1.025574398040771484e+01
7.149652481079101562e+00
9.946736335754394531e+00
8.899169921875000000e+00
9.589878082275390625e+00
1.056211471557617188e+01
7.975215435028076172e+00
9.595379829406738281e+00
1.126961994171142578e+01
8.840288162231445312e+00
7.925992965698242188e+00
8.819297790527343750e+00
8.360181808471679688e+00
8.670157432556152344e+00
9.395780563354492188e+00
8.453921318054199219e+00
8.916443824768066406e+00
9.941816329956054688e+00
7.601502895355224609e+00
6.308931350708007812e+00
8.245995521545410156e+00
9.311759948730468750e+00
7.005811691284179688e+00
7.652916431427001953e+00
7.827909469604492188e+00
8.463603019714355469e+00
8.201255798339843750e+00
9.526774406433105469e+00
8.162880897521972656e+00
7.064927577972412109e+00
7.948202133178710938e+00
7.618101596832275391e+00
7.357666492462158203e+00
6.362893104553222656e+00
7.504168510437011719e+00
7.032448768615722656e+00
5.985376358032226562e+00
6.847335815429687500e+00
5.429470062255859375e+00
6.454125881195068359e+00
7.536900043487548828e+00
4.891758441925048828e+00
5.765390872955322266e+00
5.388032436370849609e+00
4.939203262329101562e+00
4.554402828216552734e+00
4.645223617553710938e+00
4.617775917053222656e+00
3.757806539535522461e+00
5.378353118896484375e+00
4.540879249572753906e+00
3.509429454803466797e+00
5.010296821594238281e+00
4.601178646087646484e+00
4.462665557861328125e+00
5.262642383575439453e+00
4.579009532928466797e+00
3.734226465225219727e+00
4.356007575988769531e+00
4.196138858795166016e+00
3.517927408218383789e+00
3.695062875747680664e+00
3.860296249389648438e+00
3.424753189086914062e+00
3.920296430587768555e+00
3.063832044601440430e+00
3.257169008255004883e+00
3.399540662765502930e+00
3.064584016799926758e+00
2.571252107620239258e+00
2.347272157669067383e+00
2.609719753265380859e+00
2.472383260726928711e+00
2.310794830322265625e+00
2.061074495315551758e+00
2.346432447433471680e+00
2.794621229171752930e+00
2.329834699630737305e+00
1.777301311492919922e+00
2.302242755889892578e+00
2.578059196472167969e+00
2.201271772384643555e+00
2.139411926269531250e+00
2.225538253784179688e+00
2.817968606948852539e+00
2.867221832275390625e+00
2.499858856201171875e+00
2.704482555389404297e+00
1.973028063774108887e+00
2.627979040145874023e+00
2.374549627304077148e+00
2.349818468093872070e+00
1.967476129531860352e+00
1.724264740943908691e+00
1.809230685234069824e+00
1.890655517578125000e+00
1.769036173820495605e+00
1.641460776329040527e+00
2.583307981491088867e+00
1.916282773017883301e+00
2.278347969055175781e+00
1.995323777198791504e+00
2.215764045715332031e+00
2.338992595672607422e+00
1.858608603477478027e+00
2.127209424972534180e+00
1.986667513847351074e+00
1.933241724967956543e+00
1.985065817832946777e+00
1.593113899230957031e+00
1.753958344459533691e+00
1.762305736541748047e+00
1.780796527862548828e+00
1.738942742347717285e+00
1.648576021194458008e+00
1.767577648162841797e+00
1.790236353874206543e+00
1.963177323341369629e+00
1.995808362960815430e+00
1.431612491607666016e+00
1.998762965202331543e+00
1.793833851814270020e+00
1.754892230033874512e+00
1.577971339225769043e+00
1.379681110382080078e+00
1.559279084205627441e+00
1.593822479248046875e+00
1.966271281242370605e+00
1.478660583496093750e+00
2.034463167190551758e+00
1.362689614295959473e+00
1.630569577217102051e+00
1.213279128074645996e+00
1.416679382324218750e+00
1.282388806343078613e+00
1.504497289657592773e+00
1.644887804985046387e+00
2.109613418579101562e+00
1.317109346389770508e+00
1.598741054534912109e+00
1.481032133102416992e+00
1.314427018165588379e+00
1.330612182617187500e+00
1.250008702278137207e+00
1.460842013359069824e+00
1.224647641181945801e+00
1.445629954338073730e+00
1.503135681152343750e+00
1.390007019042968750e+00
1.480557680130004883e+00
1.169736981391906738e+00
1.778198003768920898e+00
1.538411021232604980e+00
1.620362639427185059e+00
1.524902224540710449e+00
1.414693117141723633e+00
1.247101664543151855e+00
2.054286718368530273e+00
1.284575700759887695e+00
1.334413886070251465e+00
1.355144262313842773e+00
1.469883680343627930e+00
1.451525330543518066e+00
1.047183632850646973e+00
1.181810617446899414e+00
1.318525552749633789e+00
1.341377258300781250e+00
1.198005437850952148e+00
1.406640172004699707e+00
1.050539255142211914e+00
1.101536273956298828e+00
1.234651327133178711e+00
1.162684559822082520e+00
1.400678992271423340e+00
1.198265671730041504e+00
1.549146175384521484e+00
1.329057216644287109e+00
1.491957545280456543e+00
1.429579854011535645e+00
1.346954941749572754e+00
1.519109845161437988e+00
1.170822620391845703e+00
1.285748600959777832e+00
1.377928614616394043e+00
1.346767306327819824e+00
1.137024879455566406e+00
1.442810654640197754e+00
1.535745024681091309e+00
1.451880574226379395e+00
1.189738154411315918e+00
1.568691253662109375e+00
1.112872600555419922e+00
1.108878135681152344e+00
2.487838268280029297e+00
1.294998764991760254e+00
1.446012854576110840e+00
1.379869699478149414e+00
1.655738830566406250e+00
1.108070850372314453e+00
1.314836144447326660e+00
1.520874261856079102e+00
1.073249220848083496e+00
1.550943374633789062e+00
1.263655424118041992e+00
1.344724416732788086e+00
2.126064777374267578e+00
1.115863323211669922e+00
1.427543163299560547e+00
1.321193337440490723e+00
1.149090886116027832e+00
1.446533679962158203e+00
1.082221746444702148e+00
1.085170030593872070e+00
1.017588853836059570e+00
1.154378294944763184e+00
1.416958808898925781e+00
1.273635029792785645e+00
1.178805589675903320e+00
1.287182331085205078e+00
1.365126609802246094e+00
1.289378404617309570e+00
1.211125254631042480e+00
1.146330595016479492e+00
1.369108676910400391e+00
1.504126191139221191e+00
1.079964637756347656e+00
1.290315628051757812e+00
1.093290448188781738e+00
1.315476655960083008e+00
1.356507420539855957e+00
1.292648792266845703e+00
1.232567667961120605e+00
1.239521861076354980e+00
1.167691826820373535e+00
1.021856665611267090e+00
1.059928059577941895e+00
1.025611162185668945e+00
1.043545722961425781e+00
1.144523978233337402e+00
1.311699986457824707e+00
1.228249311447143555e+00
9.948876500129699707e-01
1.147534132003784180e+00
1.105976343154907227e+00
1.225226402282714844e+00
1.309620022773742676e+00
1.455384135246276855e+00
1.121871232986450195e+00
1.326945543289184570e+00
1.062765836715698242e+00
1.136025190353393555e+00
1.130784034729003906e+00
1.401317238807678223e+00
1.164200663566589355e+00
1.004516601562500000e+00
1.161246180534362793e+00
1.024151086807250977e+00
1.116482973098754883e+00
9.441365003585815430e-01
1.147245168685913086e+00
1.263493776321411133e+00
9.711053967475891113e-01
9.954639673233032227e-01
1.244652152061462402e+00
1.011586546897888184e+00
1.348654508590698242e+00
1.105127692222595215e+00
9.980531334877014160e-01
1.169213771820068359e+00
1.018753051757812500e+00
9.553020000457763672e-01
1.327431559562683105e+00
1.004108071327209473e+00
1.009842991828918457e+00
9.982160329818725586e-01
1.166098833084106445e+00
9.737991690635681152e-01
1.245465636253356934e+00
9.523749947547912598e-01
1.219903707504272461e+00
1.182118892669677734e+00
1.016344666481018066e+00
9.177133440971374512e-01
1.237321615219116211e+00
1.049262523651123047e+00
1.057267665863037109e+00
1.009561181068420410e+00
1.000986695289611816e+00
9.651691913604736328e-01
1.005778551101684570e+00
8.669920563697814941e-01
1.143249988555908203e+00
9.047098159790039062e-01
8.978556990623474121e-01
1.187484025955200195e+00
8.349866867065429688e-01
8.277237415313720703e-01
9.465522766113281250e-01
9.271993637084960938e-01
9.832763671875000000e-01
1.000482797622680664e+00
1.091821432113647461e+00
9.353754520416259766e-01
7.847367525100708008e-01
1.081796288490295410e+00
9.572283029556274414e-01
1.057832121849060059e+00
1.080638527870178223e+00
1.049260139465332031e+00
1.090507030487060547e+00
8.666401505470275879e-01
1.013501644134521484e+00
9.092732071876525879e-01
1.040417671203613281e+00
1.048145890235900879e+00
9.762540459632873535e-01
1.153348684310913086e+00
1.003931641578674316e+00
1.202953934669494629e+00
8.000845313072204590e-01
1.121015548706054688e+00
1.033482074737548828e+00
1.090175628662109375e+00
9.956560134887695312e-01
1.006374955177307129e+00
1.251571416854858398e+00
9.614115357398986816e-01
9.955673813819885254e-01
8.492946028709411621e-01
1.050659060478210449e+00
8.985166549682617188e-01
1.173653841018676758e+00
1.019957900047302246e+00
1.054369211196899414e+00
7.889207005500793457e-01
1.126078844070434570e+00
9.654306173324584961e-01
1.098453879356384277e+00
1.012883782386779785e+00
8.061341047286987305e-01
8.126450181007385254e-01
1.039961695671081543e+00
1.139028549194335938e+00
8.834306001663208008e-01
7.247737646102905273e-01
1.010985136032104492e+00
9.295059442520141602e-01
1.007998108863830566e+00
8.813636302947998047e-01
9.516528248786926270e-01
1.118862748146057129e+00
9.155070185661315918e-01
1.118934512138366699e+00
9.965261220932006836e-01
1.002041339874267578e+00
9.567217230796813965e-01
8.865704536437988281e-01
9.345077872276306152e-01
1.106963992118835449e+00
1.056730270385742188e+00
1.070999264717102051e+00
1.075450778007507324e+00
9.253646731376647949e-01
9.749692678451538086e-01
8.852834701538085938e-01
1.108830094337463379e+00
1.301872253417968750e+00
1.088540077209472656e+00
8.880141973495483398e-01
9.813898205757141113e-01
1.150348067283630371e+00
9.468665719032287598e-01
9.604706168174743652e-01
7.717908024787902832e-01
8.023085594177246094e-01
7.209854125976562500e-01
1.106794595718383789e+00
9.324968457221984863e-01
1.212200999259948730e+00
7.566532492637634277e-01
9.387288689613342285e-01
1.083525061607360840e+00
1.105343818664550781e+00
9.772939682006835938e-01
8.843891620635986328e-01
1.131488680839538574e+00
9.842114448547363281e-01
8.909893631935119629e-01
1.112160801887512207e+00
8.358551263809204102e-01
8.095789551734924316e-01
1.126534819602966309e+00
9.585502743721008301e-01
9.820234179496765137e-01
8.658716678619384766e-01
8.561742901802062988e-01
9.226026535034179688e-01
8.400632739067077637e-01
8.579669594764709473e-01
9.187243580818176270e-01
1.032059788703918457e+00
8.962135910987854004e-01
9.029489159584045410e-01
8.823203444480895996e-01
8.649351596832275391e-01
8.404319286346435547e-01
1.025613665580749512e+00
9.125531911849975586e-01
7.928674817085266113e-01
1.041463613510131836e+00
9.627047181129455566e-01
9.205184578895568848e-01
1.149425029754638672e+00
9.075413346290588379e-01
7.681277990341186523e-01
9.975234866142272949e-01
9.521589279174804688e-01
8.613021969795227051e-01
6.958841681480407715e-01
9.294126033782958984e-01
9.227704405784606934e-01
1.054341077804565430e+00
8.016009926795959473e-01
7.509675025939941406e-01
8.207935690879821777e-01
7.888555526733398438e-01
9.233805537223815918e-01
8.724741935729980469e-01
7.695860862731933594e-01
9.707844257354736328e-01
9.005670547485351562e-01
8.690536022186279297e-01
8.109687566757202148e-01
1.009597539901733398e+00
9.676489830017089844e-01
1.033828735351562500e+00
8.068253993988037109e-01
7.962660789489746094e-01
1.174014329910278320e+00
8.128762245178222656e-01
9.020983576774597168e-01
1.008312225341796875e+00
9.012613296508789062e-01
8.945392966270446777e-01
8.699381351470947266e-01
8.812610507011413574e-01
8.304131627082824707e-01
1.026927709579467773e+00
9.199437499046325684e-01
8.734250068664550781e-01
7.420802116394042969e-01
8.800262212753295898e-01
9.527988433837890625e-01
9.102892875671386719e-01
8.610056638717651367e-01
9.786452651023864746e-01
1.092561125755310059e+00
9.146478176116943359e-01
9.624761343002319336e-01
7.897094488143920898e-01
7.149888277053833008e-01
1.064708709716796875e+00
1.123624682426452637e+00
7.666972875595092773e-01
8.154720664024353027e-01
7.590543031692504883e-01
8.344765901565551758e-01
7.612057328224182129e-01
7.261969447135925293e-01
8.304320573806762695e-01
7.638667821884155273e-01
8.342544436454772949e-01
1.034596920013427734e+00
7.502736449241638184e-01
7.900050878524780273e-01
9.107029438018798828e-01
6.599293351173400879e-01
7.125975489616394043e-01
1.064038991928100586e+00
7.182305455207824707e-01
8.871311545372009277e-01
8.258764743804931641e-01
8.469688892364501953e-01
8.623355031013488770e-01
7.704143524169921875e-01
6.850444674491882324e-01
1.068634986877441406e+00
7.973760366439819336e-01
7.751814723014831543e-01
6.997875571250915527e-01
6.131825447082519531e-01
7.832816243171691895e-01
7.309249639511108398e-01
9.152041077613830566e-01
7.400927543640136719e-01
9.092035889625549316e-01
7.027134299278259277e-01
9.039416313171386719e-01
7.421155571937561035e-01
7.610292434692382812e-01
8.362662196159362793e-01
7.933880686759948730e-01
8.706980943679809570e-01
7.741331458091735840e-01
9.168484210968017578e-01
6.809738278388977051e-01
7.924872040748596191e-01
9.709146022796630859e-01
8.252382874488830566e-01
7.589640617370605469e-01
8.555749058723449707e-01
8.399593234062194824e-01
6.395178437232971191e-01
7.567444443702697754e-01
9.081315398216247559e-01
9.352733492851257324e-01
7.792472839355468750e-01
1.185721158981323242e+00
7.024930119514465332e-01
5.917764902114868164e-01
8.882701992988586426e-01
7.577878832817077637e-01
7.111825942993164062e-01
7.999076247215270996e-01
7.032290101051330566e-01
7.377247810363769531e-01
6.825581192970275879e-01
6.320438385009765625e-01
6.064934134483337402e-01
8.922082781791687012e-01
9.268513917922973633e-01
7.900320887565612793e-01
7.385544776916503906e-01
5.906148552894592285e-01
7.685999870300292969e-01
9.184408187866210938e-01
7.271353602409362793e-01
7.129744887351989746e-01
8.033133149147033691e-01
8.116594552993774414e-01
9.155870079994201660e-01
7.385531663894653320e-01
8.819891810417175293e-01
7.786692976951599121e-01
9.852384328842163086e-01
6.309540867805480957e-01
6.061661839485168457e-01
7.674884796142578125e-01
7.241334915161132812e-01
7.234715223312377930e-01
8.438193798065185547e-01
8.711115121841430664e-01
6.955219507217407227e-01
7.262696027755737305e-01
8.395607471466064453e-01
7.723804116249084473e-01
8.881081938743591309e-01
7.772079110145568848e-01
6.514621376991271973e-01
6.636619567871093750e-01
6.547865867614746094e-01
7.443307638168334961e-01
7.393331527709960938e-01
7.474905252456665039e-01
7.960464358329772949e-01
6.221669316291809082e-01
6.374247670173645020e-01
7.794795632362365723e-01
6.757530570030212402e-01
6.987589597702026367e-01
6.254798769950866699e-01
9.081932902336120605e-01
6.822867393493652344e-01
6.212083697319030762e-01
7.898049950599670410e-01
7.538276314735412598e-01
7.590445876121520996e-01
5.648301243782043457e-01
7.622749805450439453e-01
7.118102908134460449e-01
7.333919405937194824e-01
5.799265503883361816e-01
7.801229953765869141e-01
5.931608676910400391e-01
7.254002094268798828e-01
7.039083838462829590e-01
6.779736876487731934e-01
8.210951685905456543e-01
7.068935036659240723e-01
8.745754361152648926e-01
6.726734042167663574e-01
6.653726696968078613e-01
7.680493593215942383e-01
6.210082173347473145e-01
6.981518268585205078e-01
8.900094628334045410e-01
6.593607068061828613e-01
7.000034451484680176e-01
5.260694026947021484e-01
6.692026853561401367e-01
6.932882070541381836e-01
8.990398049354553223e-01
7.283141016960144043e-01
6.270094513893127441e-01
7.387224435806274414e-01
6.868827342987060547e-01
7.168948054313659668e-01
6.834592819213867188e-01
7.399725914001464844e-01
7.591242790222167969e-01
8.677977323532104492e-01
7.464846372604370117e-01
6.985153555870056152e-01
5.317631363868713379e-01
7.151297926902770996e-01
7.021408677101135254e-01
6.051645278930664062e-01
5.821245908737182617e-01
5.184693932533264160e-01
6.636911034584045410e-01
8.575563430786132812e-01
6.567081212997436523e-01
7.195620536804199219e-01
6.067498922348022461e-01
6.448124647140502930e-01
7.188118696212768555e-01
7.123965024948120117e-01
5.531976222991943359e-01
6.437261104583740234e-01
6.845562458038330078e-01
6.804234981536865234e-01
6.913167834281921387e-01
6.244558691978454590e-01
5.328624248504638672e-01
7.489860653877258301e-01
7.593673467636108398e-01
7.262319922447204590e-01
8.002463579177856445e-01
7.665176987648010254e-01
7.449826002120971680e-01
6.885012388229370117e-01
7.492573857307434082e-01
6.312658190727233887e-01
5.521230101585388184e-01
6.827242374420166016e-01
6.866251230239868164e-01
5.876105427742004395e-01
6.026679873466491699e-01
6.529614925384521484e-01
7.594217061996459961e-01
7.590575218200683594e-01
8.051995038986206055e-01
8.843736052513122559e-01
6.714904308319091797e-01
8.456206321716308594e-01
6.753281354904174805e-01
6.983152031898498535e-01
6.000694036483764648e-01
6.334028840065002441e-01
9.779913425445556641e-01
6.073516607284545898e-01
7.198243141174316406e-01
6.046364903450012207e-01
7.130571007728576660e-01
6.031847000122070312e-01
6.767907142639160156e-01
6.413080096244812012e-01
5.997709631919860840e-01
5.717391967773437500e-01
5.639527440071105957e-01
6.419905424118041992e-01
6.168854236602783203e-01
6.667749285697937012e-01
8.251302838325500488e-01
6.047678589820861816e-01
6.323594450950622559e-01
1.100017547607421875e+00
5.559265613555908203e-01
5.845949649810791016e-01
7.032669782638549805e-01
5.471977591514587402e-01
6.996315717697143555e-01
6.568971872329711914e-01
6.065544486045837402e-01
7.031264305114746094e-01
6.007546782493591309e-01
6.505706310272216797e-01
7.638257741928100586e-01
7.909102439880371094e-01
6.577349305152893066e-01
7.038565874099731445e-01
5.898149013519287109e-01
5.971953272819519043e-01
5.669564604759216309e-01
6.343866586685180664e-01
6.323150992393493652e-01
7.216993570327758789e-01
7.611933350563049316e-01
7.248582839965820312e-01
7.412621378898620605e-01
5.606413483619689941e-01
6.144875884056091309e-01
6.463910341262817383e-01
6.370950341224670410e-01
7.177888154983520508e-01
6.793239712715148926e-01
6.073803901672363281e-01
6.295182108879089355e-01
7.124075889587402344e-01
6.240734457969665527e-01
7.077632546424865723e-01
5.067865252494812012e-01
5.784438848495483398e-01
6.677648425102233887e-01
6.828031539916992188e-01
6.805008053779602051e-01
5.549945235252380371e-01
6.377032399177551270e-01
6.996772289276123047e-01
9.354531764984130859e-01
7.647470235824584961e-01
7.229551076889038086e-01
7.670952677726745605e-01
5.351667404174804688e-01
7.144744992256164551e-01
6.326184272766113281e-01
5.676214098930358887e-01
6.590388417243957520e-01
6.373207569122314453e-01
7.225970029830932617e-01
5.560359358787536621e-01
5.589040517807006836e-01
8.887315392494201660e-01
6.704487800598144531e-01
7.178902029991149902e-01
5.081815123558044434e-01
6.447231173515319824e-01
8.341844677925109863e-01
6.084064245223999023e-01
4.994016885757446289e-01
5.589975714683532715e-01
9.076594710350036621e-01
6.904474496841430664e-01
4.955829679965972900e-01
6.791840195655822754e-01
6.019866466522216797e-01
7.536824941635131836e-01
6.295165419578552246e-01
7.494580149650573730e-01
5.622265934944152832e-01
6.564550995826721191e-01
7.307084798812866211e-01
6.396273970603942871e-01
7.304888963699340820e-01
6.917967200279235840e-01
6.991093754768371582e-01
5.833962559700012207e-01
5.833093523979187012e-01
5.488072037696838379e-01
5.531229972839355469e-01
1.094420075416564941e+00
5.860240459442138672e-01
8.825150132179260254e-01
5.640766024589538574e-01
7.157097458839416504e-01
6.057934761047363281e-01
6.683952212333679199e-01
6.547566056251525879e-01
7.311161160469055176e-01
5.207951068878173828e-01
4.917268753051757812e-01
5.692899227142333984e-01
5.750914216041564941e-01
6.429010033607482910e-01
5.165954828262329102e-01
6.266560554504394531e-01
7.042672038078308105e-01
6.814150810241699219e-01
6.295593976974487305e-01
6.391311287879943848e-01
6.696441769599914551e-01
5.517760515213012695e-01
6.490901708602905273e-01
5.521354675292968750e-01
7.226328253746032715e-01
5.595189929008483887e-01
6.768105626106262207e-01
5.730749964714050293e-01
7.207021117210388184e-01
5.231232047080993652e-01
5.232678055763244629e-01
6.232297420501708984e-01
5.703235864639282227e-01
6.245875954627990723e-01
6.491522192955017090e-01
5.829455852508544922e-01
5.571942925453186035e-01
6.615293025970458984e-01
6.332060694694519043e-01
4.579111635684967041e-01
6.663510799407958984e-01
6.064021587371826172e-01
6.574839949607849121e-01
5.553848147392272949e-01
6.117584705352783203e-01
5.680978894233703613e-01
5.974892973899841309e-01
5.752468109130859375e-01
5.876592993736267090e-01
6.457836031913757324e-01
4.852066636085510254e-01
5.738636851310729980e-01
6.905910968780517578e-01
7.150387763977050781e-01
8.183935880661010742e-01
5.812891125679016113e-01
5.794917345046997070e-01
6.504199504852294922e-01
4.928816258907318115e-01
6.396570801734924316e-01
6.105209589004516602e-01
5.322470068931579590e-01
5.593423247337341309e-01
7.774454951286315918e-01
6.735699176788330078e-01
5.679034590721130371e-01
4.918070137500762939e-01
7.899751663208007812e-01
6.775652766227722168e-01
6.327666640281677246e-01
7.725432515144348145e-01
5.948643088340759277e-01
6.246606111526489258e-01
4.890685081481933594e-01
5.511083006858825684e-01
6.886032223701477051e-01
5.630421638488769531e-01
5.918217301368713379e-01
5.808353424072265625e-01
5.600965023040771484e-01
7.089321017265319824e-01
6.937638521194458008e-01
5.824766159057617188e-01
6.194915771484375000e-01
5.735750198364257812e-01
6.252824068069458008e-01
6.565828919410705566e-01
4.672595858573913574e-01
8.097252249717712402e-01
4.943643212318420410e-01
7.547151446342468262e-01
6.054341197013854980e-01
6.255620718002319336e-01
5.079842209815979004e-01
5.310081243515014648e-01
5.161396265029907227e-01
7.422155737876892090e-01
5.439091324806213379e-01
5.154448747634887695e-01
4.884888529777526855e-01
4.949832558631896973e-01
6.559103727340698242e-01
4.808413982391357422e-01
6.455760002136230469e-01
4.745070934295654297e-01
6.362969875335693359e-01
6.728584766387939453e-01
5.737699866294860840e-01
5.668602585792541504e-01
6.306965947151184082e-01
5.597959160804748535e-01
6.987457871437072754e-01
5.072394013404846191e-01
6.381251215934753418e-01
4.938063621520996094e-01
6.399020552635192871e-01
6.309071779251098633e-01
6.496876478195190430e-01
6.293197870254516602e-01
7.035680413246154785e-01
6.019991636276245117e-01
6.091090440750122070e-01
6.275166869163513184e-01
6.271189451217651367e-01
5.503481626510620117e-01
5.245774388313293457e-01
5.129280686378479004e-01
5.660212635993957520e-01
7.741525173187255859e-01
7.028411626815795898e-01
6.140593886375427246e-01
5.292992591857910156e-01
5.407948493957519531e-01
5.852680206298828125e-01
5.848412513732910156e-01
5.869336128234863281e-01
4.294592738151550293e-01
6.910717487335205078e-01
6.353881955146789551e-01
7.393566370010375977e-01
6.242315769195556641e-01
6.056273579597473145e-01
7.808965444564819336e-01
5.888288617134094238e-01
5.261216759681701660e-01
6.061216592788696289e-01
5.671996474266052246e-01
6.693024635314941406e-01
6.284368634223937988e-01
7.710121273994445801e-01
6.770073771476745605e-01
6.966644525527954102e-01
5.831774473190307617e-01
7.286473512649536133e-01
6.074750423431396484e-01
6.729638576507568359e-01
6.490523219108581543e-01
6.678141951560974121e-01
8.066737055778503418e-01
5.278915166854858398e-01
6.937017440795898438e-01
6.093605160713195801e-01
6.834980249404907227e-01
5.206927657127380371e-01
6.682033538818359375e-01
5.959850549697875977e-01
5.239872336387634277e-01
4.564850330352783203e-01
6.024516224861145020e-01
5.418035387992858887e-01
4.869910180568695068e-01
8.374115228652954102e-01
5.467025637626647949e-01
7.327574491500854492e-01
5.638716816902160645e-01
5.783950090408325195e-01
6.038299202919006348e-01
5.061253309249877930e-01
5.640466809272766113e-01
7.281740903854370117e-01
6.888914108276367188e-01
5.781276226043701172e-01
5.128051042556762695e-01
4.944369196891784668e-01
7.362142801284790039e-01
5.399008989334106445e-01
5.116416215896606445e-01
5.102381706237792969e-01
6.555794477462768555e-01
5.309734940528869629e-01
6.342545151710510254e-01
6.196429133415222168e-01
4.963078498840332031e-01
6.270039081573486328e-01
6.047936081886291504e-01
5.086911320686340332e-01
5.581612586975097656e-01
6.040874719619750977e-01
5.900352001190185547e-01
6.746372580528259277e-01
5.061284303665161133e-01
5.604817271232604980e-01
4.433657824993133545e-01
6.842089891433715820e-01
4.716448783874511719e-01
5.909693241119384766e-01
6.214700341224670410e-01
5.660290122032165527e-01
5.635007023811340332e-01
5.586113333702087402e-01
7.113421559333801270e-01
5.125295519828796387e-01
5.126802921295166016e-01
6.332415342330932617e-01
4.981862604618072510e-01
7.923796772956848145e-01
5.929113626480102539e-01
6.080490350723266602e-01
6.066707372665405273e-01
5.487403869628906250e-01
5.423045754432678223e-01
5.808838605880737305e-01
4.602444767951965332e-01
5.846719145774841309e-01
5.435420274734497070e-01
4.359223842620849609e-01
5.409292578697204590e-01
5.211616158485412598e-01
8.400808572769165039e-01
5.886330008506774902e-01
5.367074608802795410e-01
6.541212797164916992e-01
5.400463342666625977e-01
5.757912993431091309e-01
6.059721708297729492e-01
5.465108752250671387e-01
7.505062222480773926e-01
7.266076207160949707e-01
5.774293541908264160e-01
5.976732969284057617e-01
6.142014265060424805e-01
6.243955492973327637e-01
5.712680816650390625e-01
4.914390444755554199e-01
5.620408058166503906e-01
5.356622934341430664e-01
7.265738844871520996e-01
6.275653839111328125e-01
5.970861315727233887e-01
6.623882651329040527e-01
6.446108818054199219e-01
4.945736825466156006e-01
6.687596440315246582e-01
4.712672233581542969e-01
5.175129175186157227e-01
6.608732342720031738e-01
6.265614032745361328e-01
5.926403999328613281e-01
6.409026384353637695e-01
5.436659455299377441e-01
5.095987319946289062e-01
5.472334623336791992e-01
6.571246385574340820e-01
7.872205972671508789e-01
4.849767982959747314e-01
6.682986617088317871e-01
6.265102624893188477e-01
3.917790949344635010e-01
6.291779875755310059e-01
5.279842019081115723e-01
5.833929181098937988e-01
5.371308326721191406e-01
6.492804288864135742e-01
5.934761166572570801e-01
6.124648451805114746e-01
7.058134675025939941e-01
4.779541790485382080e-01
5.894889831542968750e-01
5.959988832473754883e-01
6.466054916381835938e-01
5.865436196327209473e-01
5.371261835098266602e-01
4.854647219181060791e-01
6.748374700546264648e-01
4.871068894863128662e-01
5.707423090934753418e-01
5.829950571060180664e-01
5.498071312904357910e-01
7.546378970146179199e-01
5.905636548995971680e-01
5.574353933334350586e-01
4.541808664798736572e-01
4.245891571044921875e-01
4.931870400905609131e-01
6.155267953872680664e-01
7.311778068542480469e-01
5.607640743255615234e-01
6.353341937065124512e-01
1.167135000228881836e+00
6.102325320243835449e-01
5.052132010459899902e-01
5.892094969749450684e-01
5.864265561103820801e-01
7.295404076576232910e-01
5.444517135620117188e-01
5.595132708549499512e-01
7.372470498085021973e-01
9.795710444450378418e-01
6.196113824844360352e-01
5.309368968009948730e-01
6.436710953712463379e-01
6.545371413230895996e-01
5.956355333328247070e-01
5.496271848678588867e-01
5.303755998611450195e-01
6.984562277793884277e-01
5.408987998962402344e-01
6.021712422370910645e-01
4.338928759098052979e-01
5.549989342689514160e-01
5.270794630050659180e-01
5.878763198852539062e-01
5.280368924140930176e-01
6.050443053245544434e-01
6.249285340309143066e-01
4.725325107574462891e-01
5.884536504745483398e-01
6.233042478561401367e-01
4.970828294754028320e-01
4.645437598228454590e-01
7.036364078521728516e-01
6.355079412460327148e-01
5.624416470527648926e-01
6.208441853523254395e-01
5.087810158729553223e-01
5.770087838172912598e-01
6.752318143844604492e-01
5.666335225105285645e-01
6.068721413612365723e-01
5.406627058982849121e-01
4.619972705841064453e-01
5.822480320930480957e-01
5.068596005439758301e-01
5.501023530960083008e-01
5.601462125778198242e-01
5.293573737144470215e-01
5.620615482330322266e-01
4.765930771827697754e-01
4.910712242126464844e-01
6.791831851005554199e-01
6.154096126556396484e-01
5.547512173652648926e-01
6.667203307151794434e-01
5.356208682060241699e-01
5.963917970657348633e-01
6.246756315231323242e-01
6.151373386383056641e-01
5.135403275489807129e-01
4.883318841457366943e-01
5.913221836090087891e-01
5.388373136520385742e-01
6.117013692855834961e-01
6.585057973861694336e-01
5.405299067497253418e-01
6.098279953002929688e-01
6.512173414230346680e-01
5.978876948356628418e-01
6.354669928550720215e-01
5.420892834663391113e-01
4.772064685821533203e-01
5.892332196235656738e-01
4.690309464931488037e-01
5.509043335914611816e-01
5.003284215927124023e-01
7.682625651359558105e-01
5.532221198081970215e-01
6.099253892898559570e-01
5.253424644470214844e-01
6.629962325096130371e-01
4.787098467350006104e-01
5.708775520324707031e-01
4.666374027729034424e-01
5.362793207168579102e-01
5.443550348281860352e-01
5.888066887855529785e-01
5.318194627761840820e-01
6.729434132575988770e-01
5.321070551872253418e-01
6.928281784057617188e-01
5.437063574790954590e-01
6.372776031494140625e-01
5.152443051338195801e-01
5.069835186004638672e-01
6.035788059234619141e-01
5.929636359214782715e-01
6.525466442108154297e-01
5.191478133201599121e-01
6.228526830673217773e-01
5.791344046592712402e-01
5.330670475959777832e-01
6.022265553474426270e-01
6.596025824546813965e-01
4.392069280147552490e-01
5.052672028541564941e-01
6.957640051841735840e-01
5.206590294837951660e-01
5.263469815254211426e-01
5.080148577690124512e-01
5.443276762962341309e-01
4.483279287815093994e-01
4.842504858970642090e-01
1.264773607254028320e+00
5.707120895385742188e-01
5.877490043640136719e-01
5.605649948120117188e-01
5.699676275253295898e-01
5.001149773597717285e-01
4.655798375606536865e-01
5.872658491134643555e-01
4.690416753292083740e-01
4.939145743846893311e-01
5.029925107955932617e-01
4.716845452785491943e-01
6.692322492599487305e-01
4.877191185951232910e-01
5.711606740951538086e-01
5.039501190185546875e-01
6.219134330749511719e-01
6.657684445381164551e-01
5.696028470993041992e-01
6.573957800865173340e-01
4.400718212127685547e-01
6.693558096885681152e-01
5.456497073173522949e-01
5.117411017417907715e-01
6.395193338394165039e-01
5.853335261344909668e-01
5.385407805442810059e-01
5.325086116790771484e-01
5.793238878250122070e-01
5.940813422203063965e-01
7.497580051422119141e-01
4.595932662487030029e-01
4.847446382045745850e-01
6.246590614318847656e-01
5.375204086303710938e-01
6.085494160652160645e-01
5.281127095222473145e-01
7.906098365783691406e-01
5.540974736213684082e-01
6.444878578186035156e-01
4.869052767753601074e-01
5.786339044570922852e-01
6.183842420578002930e-01
7.552889585494995117e-01
5.184357762336730957e-01
5.792408585548400879e-01
6.296914219856262207e-01
5.833470821380615234e-01
5.342135429382324219e-01
5.295550823211669922e-01
6.366933584213256836e-01
4.849056601524353027e-01
4.444973170757293701e-01
5.402300357818603516e-01
6.439472436904907227e-01
6.586434841156005859e-01
4.865730106830596924e-01
5.322093367576599121e-01
4.353882074356079102e-01
4.477464556694030762e-01
5.644409060478210449e-01
5.804660916328430176e-01
4.269312918186187744e-01
5.906022191047668457e-01
7.953937649726867676e-01
5.344712734222412109e-01
4.477124512195587158e-01
4.950442910194396973e-01
6.395236253738403320e-01
6.031517982482910156e-01
5.355973839759826660e-01
6.142953634262084961e-01
6.255006194114685059e-01
7.360748052597045898e-01
5.575687289237976074e-01
5.310602188110351562e-01
5.784314870834350586e-01
5.481026172637939453e-01
6.957866549491882324e-01
6.521946787834167480e-01
5.128213763236999512e-01
4.978662431240081787e-01
5.131852030754089355e-01
6.235151886940002441e-01
5.176628232002258301e-01
5.231662392616271973e-01
7.134470939636230469e-01
4.691143929958343506e-01
4.715959131717681885e-01
5.458431839942932129e-01
4.977386593818664551e-01
6.206189393997192383e-01
6.110132932662963867e-01
5.252205133438110352e-01
5.159111618995666504e-01
5.874277353286743164e-01
4.623884260654449463e-01
4.636800289154052734e-01
6.378045678138732910e-01
5.480543971061706543e-01
4.769673049449920654e-01
5.256652235984802246e-01
6.380995512008666992e-01
4.638502895832061768e-01
5.404384732246398926e-01
5.696208477020263672e-01
5.573943853378295898e-01
5.009077191352844238e-01
6.162141561508178711e-01
6.047871708869934082e-01
4.751408696174621582e-01
6.114168763160705566e-01
4.434752762317657471e-01
6.912350058555603027e-01
6.030902266502380371e-01
5.190067291259765625e-01
4.369137585163116455e-01
4.457665085792541504e-01
5.187781453132629395e-01
5.432215332984924316e-01
5.718451738357543945e-01
5.958761572837829590e-01
5.230593681335449219e-01
6.130647063255310059e-01
5.411263704299926758e-01
5.293818712234497070e-01
5.083346962928771973e-01
4.796928763389587402e-01
6.688808202743530273e-01
4.771661162376403809e-01
4.651958048343658447e-01
6.283241510391235352e-01
4.396492242813110352e-01
4.534214735031127930e-01
4.693723320960998535e-01
5.989232063293457031e-01
5.605291128158569336e-01
6.217127442359924316e-01
5.213874578475952148e-01
5.705841779708862305e-01
7.040717005729675293e-01
5.518792271614074707e-01
5.137284994125366211e-01
6.433306932449340820e-01
4.245637953281402588e-01
4.950448572635650635e-01
5.301572680473327637e-01
5.814622640609741211e-01
4.384897947311401367e-01
6.421496272087097168e-01
6.289046406745910645e-01
4.728572666645050049e-01
5.954226851463317871e-01
5.440332889556884766e-01
6.058748364448547363e-01
5.315197110176086426e-01
5.343407988548278809e-01
5.207864642143249512e-01
4.460644721984863281e-01
4.539302587509155273e-01
5.477951765060424805e-01
6.573200821876525879e-01
5.695818662643432617e-01
5.545237064361572266e-01
4.878248572349548340e-01
6.972126364707946777e-01
5.516843199729919434e-01
5.435624122619628906e-01
5.800412297248840332e-01
5.262727141380310059e-01
5.187464952468872070e-01
4.633174836635589600e-01
6.997845172882080078e-01
4.832807481288909912e-01
7.315827012062072754e-01
7.698341608047485352e-01
5.473298430442810059e-01
6.338003277778625488e-01
5.097432732582092285e-01
4.957629144191741943e-01
4.671722650527954102e-01
6.634508371353149414e-01
7.642348408699035645e-01
6.663727164268493652e-01
6.160891056060791016e-01
5.610905289649963379e-01
4.779330193996429443e-01
6.473916769027709961e-01
6.372318863868713379e-01
4.808732569217681885e-01
4.968047738075256348e-01
6.060928702354431152e-01
6.673130393028259277e-01
8.318501710891723633e-01
5.099814534187316895e-01
7.011467218399047852e-01
4.929324388504028320e-01
8.385455608367919922e-01
6.484215855598449707e-01
4.802503883838653564e-01
6.510534286499023438e-01
5.614326596260070801e-01
5.453634262084960938e-01
6.048706769943237305e-01
5.655649304389953613e-01
5.297896265983581543e-01
5.272303819656372070e-01
4.693170785903930664e-01
5.839716792106628418e-01
5.608344674110412598e-01
5.493615269660949707e-01
4.674564301967620850e-01
5.707208514213562012e-01
5.936494469642639160e-01
6.235362887382507324e-01
6.741140484809875488e-01
5.340237021446228027e-01
4.685578346252441406e-01
5.230665206909179688e-01
6.608697772026062012e-01
5.172797441482543945e-01
6.359874010086059570e-01
5.464110970497131348e-01
5.548585057258605957e-01
5.892020463943481445e-01
7.522102594375610352e-01
5.386110544204711914e-01
5.041607022285461426e-01
5.121868252754211426e-01
5.857480168342590332e-01
4.870479702949523926e-01
5.865832567214965820e-01
6.012790799140930176e-01
6.423240900039672852e-01
4.477795064449310303e-01
6.815826296806335449e-01
6.109986305236816406e-01
5.331559777259826660e-01
4.737914800643920898e-01
4.523776471614837646e-01
6.146595478057861328e-01
5.125319957733154297e-01
4.636180400848388672e-01
5.413567423820495605e-01
5.231721997261047363e-01
6.694630980491638184e-01
5.414460897445678711e-01
5.515726208686828613e-01
6.322860121726989746e-01
5.202043056488037109e-01
5.338152050971984863e-01
5.547874569892883301e-01
6.130403876304626465e-01
6.112608909606933594e-01
4.474941194057464600e-01
4.742378592491149902e-01
5.280570983886718750e-01
5.616420507431030273e-01
5.144253373146057129e-01
5.240395069122314453e-01
6.342091560363769531e-01
5.229473710060119629e-01
6.057779192924499512e-01
4.634506702423095703e-01
5.060881376266479492e-01
5.495278239250183105e-01
6.291386485099792480e-01
5.794467329978942871e-01
6.011128425598144531e-01
5.319819450378417969e-01
6.494752764701843262e-01
6.218023896217346191e-01
5.578516721725463867e-01
7.428368330001831055e-01
7.112619876861572266e-01
5.214270353317260742e-01
4.978564977645874023e-01
6.651933193206787109e-01
5.573250651359558105e-01
4.819710552692413330e-01
5.153337717056274414e-01
6.739377975463867188e-01
4.998466372489929199e-01
5.321999788284301758e-01
5.772644877433776855e-01
5.276955366134643555e-01
6.773850321769714355e-01
7.129392623901367188e-01
5.498494505882263184e-01
4.965884685516357422e-01
5.119144320487976074e-01
5.697293281555175781e-01
5.137528777122497559e-01
6.422315239906311035e-01
6.990460753440856934e-01
5.763632059097290039e-01
3.906512260437011719e-01
6.323581933975219727e-01
4.476613700389862061e-01
5.374651551246643066e-01
6.291415095329284668e-01
4.232752025127410889e-01
4.629436135292053223e-01
5.392703413963317871e-01
4.849782288074493408e-01
4.693962931632995605e-01
5.921885967254638672e-01
5.525277853012084961e-01
5.566834211349487305e-01
4.351209998130798340e-01
5.156807303428649902e-01
4.773612022399902344e-01
5.185311436653137207e-01
4.374758303165435791e-01
5.575675368309020996e-01
4.963676631450653076e-01
5.722383260726928711e-01
4.831359684467315674e-01
4.858252108097076416e-01
5.668346881866455078e-01
6.094290018081665039e-01
5.463946461677551270e-01
5.649377703666687012e-01
4.715639054775238037e-01
4.774199128150939941e-01
5.450154542922973633e-01
4.603226482868194580e-01
5.825820565223693848e-01
6.070522665977478027e-01
6.334384679794311523e-01
5.432619452476501465e-01
5.359582901000976562e-01
4.747942388057708740e-01
6.451060771942138672e-01
5.771155357360839844e-01
5.722559094429016113e-01
8.291088938713073730e-01
4.677612185478210449e-01
5.235272049903869629e-01
6.311229467391967773e-01
5.995442867279052734e-01
4.946442842483520508e-01
4.868255853652954102e-01
6.305905580520629883e-01
5.987964868545532227e-01
5.281094908714294434e-01
4.735106825828552246e-01
4.330909252166748047e-01
5.985562801361083984e-01
5.215522646903991699e-01
5.805665254592895508e-01
6.371010541915893555e-01
6.912268996238708496e-01
5.335315465927124023e-01
5.299190878868103027e-01
4.569536745548248291e-01
4.832463860511779785e-01
6.640066504478454590e-01
5.896185636520385742e-01
5.867394208908081055e-01
5.207111239433288574e-01
6.172590255737304688e-01
6.119133234024047852e-01
5.931368470191955566e-01
4.637184739112854004e-01
5.971125960350036621e-01
5.499395132064819336e-01
5.117452740669250488e-01
5.867722034454345703e-01
7.296261787414550781e-01
5.312459468841552734e-01
4.531718492507934570e-01
4.982075393199920654e-01
5.353655815124511719e-01
5.547454357147216797e-01
6.074859499931335449e-01
5.510770082473754883e-01
7.120922803878784180e-01
4.752472937107086182e-01
5.409461259841918945e-01
4.947817325592041016e-01
5.212134718894958496e-01
5.197345018386840820e-01
6.203262209892272949e-01
6.116361021995544434e-01
5.742018818855285645e-01
6.634238958358764648e-01
5.760581493377685547e-01
4.961785078048706055e-01
5.131454467773437500e-01
5.195239782333374023e-01
4.786553978919982910e-01
5.975776314735412598e-01
7.115289568901062012e-01
4.704879820346832275e-01
6.657720208168029785e-01
5.557199120521545410e-01
5.187643170356750488e-01
6.017932295799255371e-01
5.096930265426635742e-01
5.408379435539245605e-01
5.946893692016601562e-01
5.170986056327819824e-01
5.892885923385620117e-01
4.436146914958953857e-01
5.375404953956604004e-01
5.515190958976745605e-01
6.198715567588806152e-01
4.175796210765838623e-01
5.145072340965270996e-01
4.202773869037628174e-01
4.862243235111236572e-01
6.372974514961242676e-01
4.823748171329498291e-01
4.352155327796936035e-01
5.596944093704223633e-01
5.265707969665527344e-01
5.629630684852600098e-01
5.649568438529968262e-01
4.983931779861450195e-01
4.599581360816955566e-01
6.858097910881042480e-01
5.551461577415466309e-01
6.488946080207824707e-01
5.075045228004455566e-01
5.820227861404418945e-01
6.282582879066467285e-01
5.764933228492736816e-01
6.555289626121520996e-01
4.840395748615264893e-01
5.247587561607360840e-01
5.290547609329223633e-01
5.843079686164855957e-01
5.953716635704040527e-01
7.107238173484802246e-01
5.946441292762756348e-01
4.749895930290222168e-01
5.247758626937866211e-01
4.563632607460021973e-01
5.990898609161376953e-01
5.220897197723388672e-01
5.544238686561584473e-01
6.634086966514587402e-01
5.007016062736511230e-01
5.873082280158996582e-01
4.438059926033020020e-01
4.876129329204559326e-01
5.179908275604248047e-01
4.948675632476806641e-01
6.117783188819885254e-01
5.361709594726562500e-01
5.041052699089050293e-01
5.342133045196533203e-01
4.772696197032928467e-01
6.071536540985107422e-01
6.054273247718811035e-01
6.466619372367858887e-01
5.045166611671447754e-01
4.379008710384368896e-01
4.271063804626464844e-01
4.806134998798370361e-01
4.974817037582397461e-01
8.138726353645324707e-01
5.633682012557983398e-01
6.066133975982666016e-01
4.666836559772491455e-01
5.525807142257690430e-01
5.326404571533203125e-01
5.868440866470336914e-01
4.769520461559295654e-01
5.562422871589660645e-01
5.581828951835632324e-01
5.263097882270812988e-01
5.210902094841003418e-01
5.492296218872070312e-01
5.369931459426879883e-01
4.918819069862365723e-01
5.012844800949096680e-01
6.882976889610290527e-01
6.041294336318969727e-01
5.961364507675170898e-01
5.935244560241699219e-01
6.666212677955627441e-01
5.997229814529418945e-01
5.500351786613464355e-01
5.547918677330017090e-01
6.970013976097106934e-01
5.088177323341369629e-01
5.669654011726379395e-01
5.844622850418090820e-01
4.738282263278961182e-01
5.045454502105712891e-01
7.451326847076416016e-01
4.690131247043609619e-01
4.775279164314270020e-01
4.597707092761993408e-01
6.523298621177673340e-01
5.121463537216186523e-01
6.013518571853637695e-01
6.220490932464599609e-01
5.946621298789978027e-01
5.137040019035339355e-01
6.685077548027038574e-01
5.178380012512207031e-01
5.565745830535888672e-01
6.197655797004699707e-01
6.678712964057922363e-01
5.547962784767150879e-01
6.157654523849487305e-01
5.389525294303894043e-01
5.801726579666137695e-01
5.854843258857727051e-01
6.296402812004089355e-01
4.857607483863830566e-01
5.103456377983093262e-01
5.502816438674926758e-01
5.202980637550354004e-01
6.118946671485900879e-01
5.035449862480163574e-01
5.958922505378723145e-01
5.235056877136230469e-01
6.980843544006347656e-01
6.266667842864990234e-01
5.624901652336120605e-01
6.226478815078735352e-01
5.015307664871215820e-01
4.886405467987060547e-01
3.796207904815673828e-01
6.599073410034179688e-01
5.522724986076354980e-01
6.111523509025573730e-01
5.155897140502929688e-01
5.314210653305053711e-01
4.865815043449401855e-01
5.823319554328918457e-01
5.245748162269592285e-01
5.034182667732238770e-01
4.818234443664550781e-01
4.515298008918762207e-01
6.338988542556762695e-01
5.571017861366271973e-01
4.457381963729858398e-01
6.293795108795166016e-01
5.147260427474975586e-01
4.954962432384490967e-01
5.036374330520629883e-01
5.185711383819580078e-01
6.371466517448425293e-01
6.818560957908630371e-01
8.127430081367492676e-01
6.031958460807800293e-01
4.861960709095001221e-01
6.325550079345703125e-01
5.661688446998596191e-01
6.552662253379821777e-01
5.429160594940185547e-01
4.697856009006500244e-01
7.084546685218811035e-01
5.123581290245056152e-01
5.235803723335266113e-01
4.810493886470794678e-01
5.104112625122070312e-01
4.781936705112457275e-01
5.398588180541992188e-01
5.274720191955566406e-01
4.334183633327484131e-01
5.154067873954772949e-01
7.564894556999206543e-01
6.006383895874023438e-01
5.835260748863220215e-01
7.159665226936340332e-01
5.505752563476562500e-01
6.917604207992553711e-01
5.291202068328857422e-01
5.927234292030334473e-01
5.836006402969360352e-01
4.605508744716644287e-01
6.898939013481140137e-01
5.697523355484008789e-01
5.202341675758361816e-01
6.691428422927856445e-01
4.984117746353149414e-01
5.366528034210205078e-01
5.132464766502380371e-01
4.876776635646820068e-01
6.289695501327514648e-01
6.183043718338012695e-01
5.131356120109558105e-01
6.450397372245788574e-01
5.382107496261596680e-01
4.408251643180847168e-01
5.012940764427185059e-01
5.508209466934204102e-01
5.934921503067016602e-01
4.618376493453979492e-01
5.412032604217529297e-01
5.296549201011657715e-01
5.747979879379272461e-01
4.320008754730224609e-01
6.752262115478515625e-01
5.792278647422790527e-01
6.586827635765075684e-01
5.471306443214416504e-01
5.971713066101074219e-01
4.424766600131988525e-01
6.298037171363830566e-01
4.904159605503082275e-01
4.862689077854156494e-01
4.677526354789733887e-01
5.676884651184082031e-01
5.654216408729553223e-01
6.170380115509033203e-01
4.789189696311950684e-01
5.350391268730163574e-01
5.121216177940368652e-01
6.064833998680114746e-01
5.863527059555053711e-01
5.252926945686340332e-01
6.204008460044860840e-01
6.827450990676879883e-01
5.171140432357788086e-01
4.984619021415710449e-01
6.034956574440002441e-01
5.176180005073547363e-01
5.358097553253173828e-01
6.314727067947387695e-01
5.069311261177062988e-01
6.601043939590454102e-01
4.576580226421356201e-01
4.894021749496459961e-01
4.889900088310241699e-01
5.893905758857727051e-01
5.019854307174682617e-01
4.432048499584197998e-01
5.481745600700378418e-01
6.497414708137512207e-01
4.778447747230529785e-01
4.752675294876098633e-01
7.147532701492309570e-01
5.696119666099548340e-01
5.055069327354431152e-01
4.957949221134185791e-01
4.419395327568054199e-01
5.805416107177734375e-01
4.704832732677459717e-01
5.385989546775817871e-01
5.796011090278625488e-01
4.927097260951995850e-01
5.080500245094299316e-01
5.150992870330810547e-01
5.929495096206665039e-01
5.950801372528076172e-01
5.113168954849243164e-01
3.924618065357208252e-01
5.127959251403808594e-01
4.411485791206359863e-01
6.437968015670776367e-01
5.997830629348754883e-01
5.117835402488708496e-01
5.118047595024108887e-01
5.301920175552368164e-01
7.013587951660156250e-01
5.880247950553894043e-01
7.009935379028320312e-01
5.422708988189697266e-01
5.221344828605651855e-01
5.206519961357116699e-01
7.139014601707458496e-01
6.190777420997619629e-01
5.353424549102783203e-01
5.027762055397033691e-01
7.205097675323486328e-01
4.508560895919799805e-01
5.053874254226684570e-01
4.533360004425048828e-01
5.036095976829528809e-01
5.715124607086181641e-01
4.709891974925994873e-01
4.337117969989776611e-01
5.467236042022705078e-01
4.856665134429931641e-01
6.587576866149902344e-01
4.578391611576080322e-01
6.039875745773315430e-01
6.594195365905761719e-01
5.114428400993347168e-01
5.406924486160278320e-01
4.935607612133026123e-01
6.245454549789428711e-01
6.174845099449157715e-01
5.865069031715393066e-01
5.290887951850891113e-01
4.567206799983978271e-01
5.606679916381835938e-01
6.141806244850158691e-01
4.670752286911010742e-01
6.670308113098144531e-01
5.540638566017150879e-01
7.264918088912963867e-01
5.593431591987609863e-01
5.261864066123962402e-01
6.459478139877319336e-01
4.904831051826477051e-01
5.342366099357604980e-01
5.668731331825256348e-01
5.379562973976135254e-01
6.020494103431701660e-01
4.769030809402465820e-01
5.924983024597167969e-01
5.035573244094848633e-01
5.101593136787414551e-01
4.603099226951599121e-01
5.343247652053833008e-01
5.413106083869934082e-01
5.489081144332885742e-01
5.652176737785339355e-01
5.784593224525451660e-01
5.234131217002868652e-01
5.871521830558776855e-01
4.120018482208251953e-01
5.689955353736877441e-01
6.546826362609863281e-01
5.394991040229797363e-01
4.335913062095642090e-01
5.704668164253234863e-01
5.953132510185241699e-01
4.887972176074981689e-01
5.043115615844726562e-01
7.058986425399780273e-01
6.828095912933349609e-01
5.770495533943176270e-01
5.643819570541381836e-01
6.587647795677185059e-01
6.107934117317199707e-01
4.711287319660186768e-01
5.207114815711975098e-01
5.794774889945983887e-01
5.176633596420288086e-01
4.404499828815460205e-01
5.463332533836364746e-01
5.551673173904418945e-01
4.712285399436950684e-01
5.406221747398376465e-01
6.042337417602539062e-01
5.114801526069641113e-01
4.150906205177307129e-01
4.631134271621704102e-01
4.803260862827301025e-01
5.408231019973754883e-01
5.316990017890930176e-01
5.644231438636779785e-01
6.628503799438476562e-01
7.521426081657409668e-01
5.462820529937744141e-01
5.427188873291015625e-01
4.528806209564208984e-01
6.773098111152648926e-01
7.263300418853759766e-01
5.386916995048522949e-01
5.625194311141967773e-01
5.690914392471313477e-01
5.041276216506958008e-01
4.360542595386505127e-01
5.167830586433410645e-01
4.920815527439117432e-01
5.159873962402343750e-01
5.214903354644775391e-01
4.452987909317016602e-01
4.799081087112426758e-01
5.060654282569885254e-01
5.125725865364074707e-01
4.409198164939880371e-01
5.882595181465148926e-01
5.639904737472534180e-01
4.782539010047912598e-01
5.654359459877014160e-01
5.653329491615295410e-01
7.339606285095214844e-01
5.294407010078430176e-01
6.351700425148010254e-01
5.507121682167053223e-01
6.352970004081726074e-01
5.951344966888427734e-01
4.891687631607055664e-01
6.385797262191772461e-01
5.015287399291992188e-01
4.660553634166717529e-01
5.055423378944396973e-01
5.288222432136535645e-01
4.909303486347198486e-01
4.722051322460174561e-01
5.429368019104003906e-01
4.715253412723541260e-01
5.015454888343811035e-01
5.669448971748352051e-01
6.298617720603942871e-01
4.504799246788024902e-01
5.028291940689086914e-01
4.826491177082061768e-01
5.427092313766479492e-01
6.990100145339965820e-01
5.197427272796630859e-01
5.523764491081237793e-01
5.652089118957519531e-01
4.770468175411224365e-01
6.059681773185729980e-01
5.008252263069152832e-01
6.657631993293762207e-01
6.094952225685119629e-01
6.993605494499206543e-01
4.475174546241760254e-01
5.445705056190490723e-01
5.451702475547790527e-01
5.323390960693359375e-01
5.204558968544006348e-01
5.753532052040100098e-01
4.836152791976928711e-01
5.254423618316650391e-01
5.647127032279968262e-01
4.846142232418060303e-01
5.389324426651000977e-01
6.226058006286621094e-01
6.077722907066345215e-01
6.095857024192810059e-01
5.367562174797058105e-01
5.026168823242187500e-01
5.503507852554321289e-01
5.353688001632690430e-01
4.435377418994903564e-01
6.625390648841857910e-01
4.632814228534698486e-01
4.553517997264862061e-01
5.701302289962768555e-01
4.528048634529113770e-01
5.187657475471496582e-01
4.231760203838348389e-01
4.688225090503692627e-01
5.256222486495971680e-01
5.588678717613220215e-01
6.230682134628295898e-01
6.168236732482910156e-01
5.048079490661621094e-01
4.256982803344726562e-01
5.219613313674926758e-01
3.934048712253570557e-01
5.798203349113464355e-01
4.668754637241363525e-01
5.809548497200012207e-01
7.747303247451782227e-01
5.870817899703979492e-01
4.296293556690216064e-01
6.145552396774291992e-01
4.651224315166473389e-01
5.142564177513122559e-01
4.982651472091674805e-01
6.891679763793945312e-01
5.052331686019897461e-01
6.277517080307006836e-01
4.457111954689025879e-01
5.044590830802917480e-01
4.761340320110321045e-01
6.442981362342834473e-01
6.614962816238403320e-01
5.663830041885375977e-01
4.657772779464721680e-01
5.762140750885009766e-01
4.989576339721679688e-01
4.927535951137542725e-01
5.567814111709594727e-01
6.755018234252929688e-01
6.803744435310363770e-01
4.249600470066070557e-01
4.673096239566802979e-01
5.293985009193420410e-01
6.339970827102661133e-01
4.901839494705200195e-01
5.436033606529235840e-01
5.241423845291137695e-01
4.398094117641448975e-01
5.708649754524230957e-01
5.198965668678283691e-01
5.705349445343017578e-01
5.185360908508300781e-01
5.178294181823730469e-01
5.888442993164062500e-01
5.162312388420104980e-01
5.536835193634033203e-01
5.009005665779113770e-01
5.327657461166381836e-01
5.855026245117187500e-01
4.985627830028533936e-01
5.558860301971435547e-01
4.943905770778656006e-01
5.510726571083068848e-01
4.190897345542907715e-01
4.852570295333862305e-01
6.012496948242187500e-01
5.261619687080383301e-01
5.104688405990600586e-01
6.974844932556152344e-01
6.037657260894775391e-01
5.886881947517395020e-01
5.193428397178649902e-01
4.253714084625244141e-01
4.123160541057586670e-01
7.582172155380249023e-01
5.414239168167114258e-01
4.199486970901489258e-01
5.359749794006347656e-01
5.026236176490783691e-01
5.135665535926818848e-01
5.610254406929016113e-01
5.981193780899047852e-01
5.161978006362915039e-01
4.746340215206146240e-01
5.824797749519348145e-01
5.194973349571228027e-01
4.925104081630706787e-01
5.899618268013000488e-01
5.034694671630859375e-01
5.232910513877868652e-01
6.217924952507019043e-01
6.216899156570434570e-01
5.522674322128295898e-01
6.800442337989807129e-01
5.197726488113403320e-01
6.070553660392761230e-01
7.192406654357910156e-01
5.289672017097473145e-01
5.485855340957641602e-01
5.507126450538635254e-01
4.579382240772247314e-01
5.801225304603576660e-01
5.229039788246154785e-01
4.058272838592529297e-01
5.915414690971374512e-01
5.076722502708435059e-01
5.371517539024353027e-01
6.789352893829345703e-01
4.693500995635986328e-01
4.716990292072296143e-01
5.414415001869201660e-01
5.774853229522705078e-01
5.123622417449951172e-01
5.662328600883483887e-01
6.072267293930053711e-01
4.823912382125854492e-01
4.683861434459686279e-01
5.745872259140014648e-01
5.357130765914916992e-01
4.534893333911895752e-01
5.335235595703125000e-01
6.251218914985656738e-01
4.797992408275604248e-01
5.544642210006713867e-01
4.042047858238220215e-01
5.816271305084228516e-01
5.686137080192565918e-01
5.262565612792968750e-01
7.395063042640686035e-01
6.116208434104919434e-01
6.143850088119506836e-01
5.190965533256530762e-01
6.227707266807556152e-01
4.475219547748565674e-01
5.228480100631713867e-01
5.036094784736633301e-01
3.689735829830169678e-01
5.440626144409179688e-01
5.513574481010437012e-01
5.708663463592529297e-01
5.173600316047668457e-01
6.287692785263061523e-01
4.553211629390716553e-01
4.145650863647460938e-01
5.509649515151977539e-01
6.296985745429992676e-01
6.049636602401733398e-01
4.934085309505462646e-01
5.978609323501586914e-01
4.883923828601837158e-01
5.402501225471496582e-01
4.280132353305816650e-01
5.513275265693664551e-01
4.980423152446746826e-01
4.311108291149139404e-01
5.616710186004638672e-01
4.596534967422485352e-01
6.379407644271850586e-01
6.711877584457397461e-01
5.479543805122375488e-01
4.252122044563293457e-01
5.611882209777832031e-01
4.375080466270446777e-01
5.860608816146850586e-01
5.532373189926147461e-01
5.368226170539855957e-01
4.443242847919464111e-01
5.597770214080810547e-01
6.239058971405029297e-01
5.085239410400390625e-01
5.526837706565856934e-01
6.645854115486145020e-01
6.678993105888366699e-01
5.966005921363830566e-01
5.895614624023437500e-01
5.472598671913146973e-01
5.873702764511108398e-01
5.219497084617614746e-01
5.288931131362915039e-01
4.794098734855651855e-01
7.877379655838012695e-01
4.976596832275390625e-01
4.650752544403076172e-01
6.696435213088989258e-01
6.560442447662353516e-01
5.155048370361328125e-01
5.056539773941040039e-01
5.808017253875732422e-01
6.921515464782714844e-01
4.863004088401794434e-01
4.190468788146972656e-01
5.353339910507202148e-01
4.987055361270904541e-01
4.354309141635894775e-01
4.359280765056610107e-01
6.081935167312622070e-01
6.982629299163818359e-01
5.547844171524047852e-01
5.519215464591979980e-01
4.503293931484222412e-01
6.002472639083862305e-01
5.041275024414062500e-01
5.320878624916076660e-01
4.472849369049072266e-01
5.071738362312316895e-01
5.364011526107788086e-01
4.875563085079193115e-01
4.382225871086120605e-01
5.264689922332763672e-01
5.541427135467529297e-01
5.319784283638000488e-01
5.428735613822937012e-01
6.363100409507751465e-01
4.884438216686248779e-01
5.613886117935180664e-01
4.724597036838531494e-01
5.070620179176330566e-01
6.310999393463134766e-01
5.495955944061279297e-01
5.134705901145935059e-01
4.260477721691131592e-01
5.437281727790832520e-01
5.250592231750488281e-01
5.572254657745361328e-01
4.687178134918212891e-01
4.612546265125274658e-01
4.278105795383453369e-01
5.667724609375000000e-01
5.468862652778625488e-01
4.679127931594848633e-01
4.230679571628570557e-01
5.246326327323913574e-01
5.866674184799194336e-01
4.533771276473999023e-01
4.806089401245117188e-01
5.885199308395385742e-01
4.071013629436492920e-01
5.200198888778686523e-01
5.182155966758728027e-01
4.552573859691619873e-01
4.905478060245513916e-01
5.839259028434753418e-01
4.309107363224029541e-01
6.118430495262145996e-01
4.506486654281616211e-01
4.764578938484191895e-01
5.109898447990417480e-01
6.632493734359741211e-01
5.325421690940856934e-01
5.445340871810913086e-01
4.354323744773864746e-01
6.472988724708557129e-01
5.297204256057739258e-01
4.020767509937286377e-01
4.364399611949920654e-01
4.594039022922515869e-01
5.833950042724609375e-01
6.816305518150329590e-01
4.891869127750396729e-01
4.799332320690155029e-01
4.638833403587341309e-01
5.306080579757690430e-01
5.401345491409301758e-01
5.882263183593750000e-01
6.300340294837951660e-01
6.083590388298034668e-01
6.147803664207458496e-01
5.522313714027404785e-01
4.946236908435821533e-01
5.311819911003112793e-01
5.827706456184387207e-01
5.038244128227233887e-01
5.398445129394531250e-01
6.050120592117309570e-01
5.636647939682006836e-01
7.168200016021728516e-01
5.537208318710327148e-01
5.583464503288269043e-01
4.996178448200225830e-01
5.921065807342529297e-01
5.352894663810729980e-01
4.900384843349456787e-01
5.173152089118957520e-01
4.097070097923278809e-01
4.856935143470764160e-01
5.425204038619995117e-01
4.277924299240112305e-01
4.085251986980438232e-01
6.041705012321472168e-01
5.860317945480346680e-01
5.656051039695739746e-01
5.263506770133972168e-01
5.586305260658264160e-01
5.173006057739257812e-01
5.618374943733215332e-01
5.270637869834899902e-01
5.276635885238647461e-01
5.184897780418395996e-01
4.338414967060089111e-01
4.553924500942230225e-01
3.854484558105468750e-01
6.063539981842041016e-01
5.721448659896850586e-01
5.393794775009155273e-01
6.011128425598144531e-01
4.840101897716522217e-01
6.048172712326049805e-01
6.553187966346740723e-01
5.179965496063232422e-01
5.638555884361267090e-01
6.006844043731689453e-01
4.917371571063995361e-01
5.774653553962707520e-01
4.843695461750030518e-01
4.749510884284973145e-01
4.774042665958404541e-01
6.337180733680725098e-01
5.734958052635192871e-01
5.906053185462951660e-01
4.644679725170135498e-01
4.826093018054962158e-01
5.172937512397766113e-01
6.738930940628051758e-01
5.199099779129028320e-01
5.179249644279479980e-01
4.818155765533447266e-01
5.323822498321533203e-01
5.323492288589477539e-01
5.682607889175415039e-01
5.443735122680664062e-01
5.245438814163208008e-01
6.597803831100463867e-01
5.441406369209289551e-01
4.939872324466705322e-01
5.183600187301635742e-01
4.579426050186157227e-01
4.721623063087463379e-01
4.836458563804626465e-01
6.418140530586242676e-01
5.319119095802307129e-01
6.954715251922607422e-01
6.542999744415283203e-01
5.128850340843200684e-01
5.345000028610229492e-01
4.894311130046844482e-01
6.273247003555297852e-01
6.986838579177856445e-01
6.057114601135253906e-01
4.676296412944793701e-01
4.488460719585418701e-01
4.701220095157623291e-01
1.222860217094421387e+00
5.625514388084411621e-01
5.325877070426940918e-01
4.925519526004791260e-01
5.485543012619018555e-01
5.407593250274658203e-01
4.596797823905944824e-01
4.915404617786407471e-01
3.966577649116516113e-01
4.367129802703857422e-01
5.947923660278320312e-01
4.911531507968902588e-01
6.083405613899230957e-01
4.372346401214599609e-01
4.860782921314239502e-01
4.506560564041137695e-01
5.365322828292846680e-01
5.032809376716613770e-01
4.375792741775512695e-01
4.252777993679046631e-01
4.310961067676544189e-01
5.631188154220581055e-01
5.915182232856750488e-01
5.505515336990356445e-01
6.024106740951538086e-01
7.315348386764526367e-01
5.695824027061462402e-01
5.248534083366394043e-01
5.810731649398803711e-01
6.230652332305908203e-01
5.004488825798034668e-01
6.435446739196777344e-01
5.960454940795898438e-01
5.293287634849548340e-01
5.140421390533447266e-01
5.385135412216186523e-01
5.000796914100646973e-01
4.492436051368713379e-01
6.062240600585937500e-01
7.349894642829895020e-01
5.235366225242614746e-01
4.568025171756744385e-01
5.226523280143737793e-01
4.751420319080352783e-01
4.366388022899627686e-01
4.635903835296630859e-01
5.540459752082824707e-01
4.516329467296600342e-01
5.190295577049255371e-01
4.768198430538177490e-01
5.481116771697998047e-01
5.586569309234619141e-01
5.764260888099670410e-01
5.094716548919677734e-01
5.188301801681518555e-01
5.497627854347229004e-01
4.566065967082977295e-01
4.921086728572845459e-01
4.893763661384582520e-01
5.640040636062622070e-01
5.187758207321166992e-01
4.766333401203155518e-01
4.336839020252227783e-01
6.403529644012451172e-01
7.196273803710937500e-01
5.690834522247314453e-01
4.757815003395080566e-01
5.635014176368713379e-01
4.489505887031555176e-01
5.648078322410583496e-01
6.939966678619384766e-01
7.049513459205627441e-01
4.509555697441101074e-01
4.824799597263336182e-01
6.225520968437194824e-01
5.688567161560058594e-01
4.515769779682159424e-01
4.958400726318359375e-01
6.033383607864379883e-01
5.156452059745788574e-01
5.042819380760192871e-01
5.418500900268554688e-01
4.259497821331024170e-01
4.548185169696807861e-01
4.325370490550994873e-01
5.644525289535522461e-01
5.587905645370483398e-01
4.442540705204010010e-01
6.372682452201843262e-01
4.306181669235229492e-01
5.683375000953674316e-01
4.391155242919921875e-01
6.936717629432678223e-01
5.609802603721618652e-01
5.191587209701538086e-01
5.992285609245300293e-01
5.524725914001464844e-01
5.039720535278320312e-01
4.317443966865539551e-01
5.021518468856811523e-01
4.932840764522552490e-01
4.602546989917755127e-01
5.182435512542724609e-01
5.344778299331665039e-01
5.782685875892639160e-01
5.150221586227416992e-01
5.185065269470214844e-01
5.009196996688842773e-01
5.410223603248596191e-01
4.489682614803314209e-01
5.315425992012023926e-01
5.459767580032348633e-01
4.591575562953948975e-01
5.394768118858337402e-01
5.959950089454650879e-01
4.885468482971191406e-01
4.720077514648437500e-01
5.051994323730468750e-01
6.368152499198913574e-01
5.698381066322326660e-01
4.172799289226531982e-01
5.655463337898254395e-01
5.664733648300170898e-01
5.831657648086547852e-01
5.228784680366516113e-01
6.373015642166137695e-01
4.551315605640411377e-01
4.560299813747406006e-01
3.897541463375091553e-01
5.114834308624267578e-01
5.109163522720336914e-01
5.171870589256286621e-01
5.235760807991027832e-01
4.519943296909332275e-01
6.386955380439758301e-01
5.289247632026672363e-01
4.267513453960418701e-01
5.091000199317932129e-01
4.980809092521667480e-01
6.163554191589355469e-01
4.919450581073760986e-01
4.481709301471710205e-01
4.233184456825256348e-01
6.189382076263427734e-01
4.825365543365478516e-01
5.040733218193054199e-01
7.096058726310729980e-01
4.200972616672515869e-01
4.524388909339904785e-01
4.210111498832702637e-01
5.159516930580139160e-01
5.571578145027160645e-01
5.951096415519714355e-01
5.170713663101196289e-01
7.205526232719421387e-01
5.299279689788818359e-01
5.095264911651611328e-01
3.977704644203186035e-01
7.374177575111389160e-01
4.991829693317413330e-01
4.807280898094177246e-01
4.492286741733551025e-01
5.434024333953857422e-01
5.102261304855346680e-01
5.113964676856994629e-01
4.768122732639312744e-01
6.044306755065917969e-01
4.936346709728240967e-01
5.769779086112976074e-01
4.997812211513519287e-01
3.983743190765380859e-01
4.897792637348175049e-01
8.079389929771423340e-01
5.115077495574951172e-01
5.838637948036193848e-01
4.217787086963653564e-01
5.127162933349609375e-01
4.855628311634063721e-01
4.779464900493621826e-01
6.087282299995422363e-01
4.404282867908477783e-01
5.455275177955627441e-01
4.986130595207214355e-01
4.296667575836181641e-01
5.309020280838012695e-01
5.205911397933959961e-01
4.062200188636779785e-01
5.027192234992980957e-01
5.606070160865783691e-01
5.410407185554504395e-01
5.444889068603515625e-01
4.762789309024810791e-01
4.842067658901214600e-01
5.645799040794372559e-01
6.078513860702514648e-01
4.367245435714721680e-01
4.842341542243957520e-01
4.244443774223327637e-01
4.912112951278686523e-01
5.355052947998046875e-01
4.937840402126312256e-01
6.136398911476135254e-01
5.409789681434631348e-01
4.954624772071838379e-01
4.798065423965454102e-01
4.958925545215606689e-01
6.344512701034545898e-01
5.227353572845458984e-01
5.296555757522583008e-01
4.674267768859863281e-01
5.367112755775451660e-01
5.066335201263427734e-01
5.990617275238037109e-01
4.036026597023010254e-01
4.919517636299133301e-01
4.063003659248352051e-01
5.123335719108581543e-01
6.291390061378479004e-01
5.270826816558837891e-01
4.960514605045318604e-01
6.412597894668579102e-01
5.350652337074279785e-01
4.341349601745605469e-01
5.600704550743103027e-01
7.483454942703247070e-01
6.958890557289123535e-01
5.871508717536926270e-01
5.559899806976318359e-01
5.288936495780944824e-01
5.332133769989013672e-01
4.817748069763183594e-01
4.223765134811401367e-01
4.270319640636444092e-01
4.698115885257720947e-01
5.020205974578857422e-01
4.627607762813568115e-01
6.979827284812927246e-01
5.536136627197265625e-01
4.156605303287506104e-01
5.525081157684326172e-01
6.937142014503479004e-01
5.197811126708984375e-01
4.746427834033966064e-01
4.593585431575775146e-01
4.676459431648254395e-01
6.165872216224670410e-01
5.440456271171569824e-01
4.340479075908660889e-01
5.559853911399841309e-01
4.285871982574462891e-01
4.868299365043640137e-01
6.458465456962585449e-01
5.412153005599975586e-01
4.417274892330169678e-01
5.368271470069885254e-01
5.518112182617187500e-01
6.265604496002197266e-01
7.701979279518127441e-01
5.144885778427124023e-01
4.540529549121856689e-01
5.366649627685546875e-01
5.157081484794616699e-01
4.809816479682922363e-01
5.053853392601013184e-01
5.110770463943481445e-01
5.719330310821533203e-01
4.795559048652648926e-01
7.893166542053222656e-01
4.599067866802215576e-01
4.670685231685638428e-01
4.989948570728302002e-01
4.913006424903869629e-01
5.529690384864807129e-01
4.519697129726409912e-01
5.091049075126647949e-01
5.851688981056213379e-01
5.146186947822570801e-01
5.260351300239562988e-01
4.415069818496704102e-01
5.566192269325256348e-01
5.393803119659423828e-01
5.054454803466796875e-01
4.255714118480682373e-01
6.260905861854553223e-01
4.814091622829437256e-01
4.342229068279266357e-01
4.531499147415161133e-01
6.032754778861999512e-01
4.878847897052764893e-01
5.479966998100280762e-01
5.839136242866516113e-01
5.480577349662780762e-01
6.254456043243408203e-01
4.641555547714233398e-01
6.305944919586181641e-01
4.903255403041839600e-01
3.963100612163543701e-01
7.848938107490539551e-01
4.792810976505279541e-01
5.033845901489257812e-01
5.389243364334106445e-01
6.631147265434265137e-01
6.386414170265197754e-01
4.764451086521148682e-01
4.334212243556976318e-01
4.977474808692932129e-01
6.023798584938049316e-01
5.322069525718688965e-01
7.014965415000915527e-01
5.321663618087768555e-01
4.867358803749084473e-01
6.918649673461914062e-01
5.426864624023437500e-01
5.429895520210266113e-01
5.468269586563110352e-01
5.722405910491943359e-01
6.651490330696105957e-01
5.078449845314025879e-01
4.602502882480621338e-01
5.311577916145324707e-01
4.863131046295166016e-01
5.163423418998718262e-01
4.821168482303619385e-01
5.373243689537048340e-01
4.725900590419769287e-01
5.660021901130676270e-01
5.196077227592468262e-01
4.980469644069671631e-01
5.763828158378601074e-01
4.093247652053833008e-01
5.352465510368347168e-01
5.253910422325134277e-01
5.362368226051330566e-01
5.434673428535461426e-01
5.013046860694885254e-01
4.745692610740661621e-01
4.150012731552124023e-01
5.106267333030700684e-01
6.040095090866088867e-01
4.547252058982849121e-01
4.660366773605346680e-01
4.444645941257476807e-01
5.432853102684020996e-01
5.120395421981811523e-01
5.176208019256591797e-01
5.289556980133056641e-01
6.051698923110961914e-01
7.573483586311340332e-01
5.539686679840087891e-01
4.708261489868164062e-01
4.908795356750488281e-01
4.406810700893402100e-01
4.005439281463623047e-01
4.593950808048248291e-01
9.441433548927307129e-01
5.545916557312011719e-01
6.386501789093017578e-01
4.566506147384643555e-01
6.304445862770080566e-01
4.369421899318695068e-01
4.123899340629577637e-01
6.141702532768249512e-01
5.354032516479492188e-01
3.894217312335968018e-01
5.049524307250976562e-01
4.481076300144195557e-01
6.123320460319519043e-01
4.354478418827056885e-01
5.369310379028320312e-01
5.238091945648193359e-01
4.974244236946105957e-01
5.733653306961059570e-01
6.300870180130004883e-01
5.488880872726440430e-01
6.127038598060607910e-01
4.297668039798736572e-01
5.724714994430541992e-01
6.356669068336486816e-01
5.389899611473083496e-01
5.695070624351501465e-01
5.560522675514221191e-01
3.748510181903839111e-01
6.261434555053710938e-01
5.636664032936096191e-01
5.957692265510559082e-01
5.501419901847839355e-01
5.332458615303039551e-01
4.743861258029937744e-01
5.744190216064453125e-01
5.494909882545471191e-01
4.366658627986907959e-01
4.792309999465942383e-01
5.412077903747558594e-01
4.838138818740844727e-01
4.016273021697998047e-01
4.425622522830963135e-01
4.670868813991546631e-01
5.409272313117980957e-01
6.073000431060791016e-01
5.930036902427673340e-01
3.835229277610778809e-01
5.196439623832702637e-01
4.322608709335327148e-01
4.092943370342254639e-01
6.343322396278381348e-01
4.860017895698547363e-01
5.106410384178161621e-01
3.868905007839202881e-01
5.082034468650817871e-01
5.242665410041809082e-01
4.434935152530670166e-01
6.976326704025268555e-01
7.000293135643005371e-01
4.368008375167846680e-01
5.869893431663513184e-01
5.099613666534423828e-01
5.179862976074218750e-01
6.215897798538208008e-01
5.526885390281677246e-01
5.545140504837036133e-01
5.195068717002868652e-01
5.328933596611022949e-01
4.838516712188720703e-01
4.135004281997680664e-01
5.048969388008117676e-01
5.404968261718750000e-01
5.294650793075561523e-01
4.927205741405487061e-01
5.374409556388854980e-01
4.668748974800109863e-01
5.874539613723754883e-01
6.125468015670776367e-01
4.237246513366699219e-01
6.274227499961853027e-01
5.764124989509582520e-01
5.856469273567199707e-01
5.102269649505615234e-01
6.298486590385437012e-01
5.182884931564331055e-01
4.918404817581176758e-01
5.373818874359130859e-01
4.407036602497100830e-01
4.215833246707916260e-01
5.450698733329772949e-01
3.695971071720123291e-01
5.017949342727661133e-01
4.604517519474029541e-01
4.745603203773498535e-01
4.656006097793579102e-01
5.884655714035034180e-01
5.251016616821289062e-01
5.024672150611877441e-01
4.849763810634613037e-01
4.615987241268157959e-01
4.440318942070007324e-01
5.602848529815673828e-01
5.083901882171630859e-01
8.765088319778442383e-01
5.794289708137512207e-01
6.191326975822448730e-01
4.910746514797210693e-01
4.765714406967163086e-01
5.033135414123535156e-01
4.922879934310913086e-01
5.748893022537231445e-01
5.327664613723754883e-01
5.707635879516601562e-01
5.608274340629577637e-01
5.254213213920593262e-01
4.988543093204498291e-01
7.696934342384338379e-01
4.975497126579284668e-01
5.116192698478698730e-01
6.115692257881164551e-01
6.576026082038879395e-01
4.826878607273101807e-01
4.417555332183837891e-01
4.882408082485198975e-01
6.574250459671020508e-01
5.003697872161865234e-01
3.995622992515563965e-01
6.401531100273132324e-01
4.653305709362030029e-01
4.749252498149871826e-01
4.267707467079162598e-01
5.646440386772155762e-01
6.678473353385925293e-01
5.125948190689086914e-01
4.917553067207336426e-01
5.791738033294677734e-01
5.873799324035644531e-01
4.197949171066284180e-01
5.153414011001586914e-01
4.217401742935180664e-01
4.868950247764587402e-01
5.569236278533935547e-01
6.219665408134460449e-01
6.115518212318420410e-01
4.207262098789215088e-01
6.420071125030517578e-01
4.949660897254943848e-01
4.366945028305053711e-01
4.923848211765289307e-01
5.060848593711853027e-01
3.747502565383911133e-01
6.012197136878967285e-01
5.299974083900451660e-01
5.575458407402038574e-01
4.748104810714721680e-01
5.691627264022827148e-01
5.343840122222900391e-01
5.997477769851684570e-01
5.106207728385925293e-01
4.689547419548034668e-01
4.569783806800842285e-01
5.197681188583374023e-01
5.156142711639404297e-01
4.808037877082824707e-01
5.732881426811218262e-01
6.439589858055114746e-01
4.541680216789245605e-01
5.581541061401367188e-01
5.163282155990600586e-01
5.416064858436584473e-01
4.261189401149749756e-01
4.764117002487182617e-01
4.219593107700347900e-01
4.201513230800628662e-01
4.186784029006958008e-01
6.314039230346679688e-01
4.581736624240875244e-01
4.714239537715911865e-01
5.276504755020141602e-01
5.816887021064758301e-01
5.256699323654174805e-01
4.862338602542877197e-01
5.771964788436889648e-01
4.381539523601531982e-01
4.492665827274322510e-01
4.522002637386322021e-01
5.692867040634155273e-01
5.602997541427612305e-01
3.821657001972198486e-01
4.307923913002014160e-01
4.740146696567535400e-01
5.045809149742126465e-01
5.562541484832763672e-01
4.123381376266479492e-01
5.458751320838928223e-01
1.189439177513122559e+00
5.388955473899841309e-01
5.782508850097656250e-01
6.810625195503234863e-01
5.612116456031799316e-01
6.473228931427001953e-01
6.129636168479919434e-01
5.190207958221435547e-01
4.504885971546173096e-01
6.425034999847412109e-01
5.159488916397094727e-01
5.052283406257629395e-01
5.054895281791687012e-01
4.549582600593566895e-01
5.808398723602294922e-01
4.572449028491973877e-01
5.096379518508911133e-01
4.482578039169311523e-01
8.560295701026916504e-01
6.454652547836303711e-01
4.809576272964477539e-01
5.031637549400329590e-01
6.785216927528381348e-01
4.686561822891235352e-01
4.284500181674957275e-01
4.517163932323455811e-01
5.369705557823181152e-01
6.634856462478637695e-01
4.454508125782012939e-01
4.271201491355895996e-01
5.128936767578125000e-01
5.274539589881896973e-01
4.758151173591613770e-01
3.742672502994537354e-01
5.790546536445617676e-01
4.630327224731445312e-01
4.704093933105468750e-01
4.476087093353271484e-01
4.912062287330627441e-01
4.813532829284667969e-01
5.097978711128234863e-01
4.198340475559234619e-01
4.752809405326843262e-01
4.922634959220886230e-01
5.260128378868103027e-01
6.170033812522888184e-01
5.842384099960327148e-01
5.077179074287414551e-01
5.302067995071411133e-01
3.847066760063171387e-01
4.743600785732269287e-01
5.746031403541564941e-01
5.118649601936340332e-01
3.735510706901550293e-01
4.028470516204833984e-01
4.960971474647521973e-01
4.954190254211425781e-01
4.916021525859832764e-01
4.545121490955352783e-01
4.796252846717834473e-01
5.255923867225646973e-01
5.941209793090820312e-01
6.330896615982055664e-01
4.319460988044738770e-01
5.123143792152404785e-01
5.704480409622192383e-01
5.808218121528625488e-01
5.986606478691101074e-01
5.846961140632629395e-01
5.871220827102661133e-01
6.100572347640991211e-01
5.949616432189941406e-01
4.525458812713623047e-01
4.901860952377319336e-01
5.062195062637329102e-01
5.159828066825866699e-01
4.588380753993988037e-01
4.924485683441162109e-01
5.416283011436462402e-01
5.311557054519653320e-01
5.733814239501953125e-01
4.169229865074157715e-01
4.525531530380249023e-01
5.453295111656188965e-01
5.568532943725585938e-01
4.744025170803070068e-01
4.634564518928527832e-01
4.405011236667633057e-01
3.457283079624176025e-01
4.735652506351470947e-01
3.608882725238800049e-01
6.591804623603820801e-01
4.320452511310577393e-01
5.307459235191345215e-01
4.755612313747406006e-01
4.718626737594604492e-01
5.668163299560546875e-01
