1.293208822607994080e-02
9.917537681758403778e-03
8.725582621991634369e-03
1.048529706895351410e-02
7.129481993615627289e-03
7.304465863853693008e-03
6.736606825143098831e-03
5.964344833046197891e-03
5.764802917838096619e-03
5.934922955930233002e-03
5.151235032826662064e-03
5.206970497965812683e-03
4.609106108546257019e-03
3.991839941591024399e-03
4.044441971927881241e-03
4.789525177329778671e-03
4.673831630498170853e-03
4.364285152405500412e-03
4.133041482418775558e-03
4.289075732231140137e-03
