2.084467187523841858e-02
5.814778152853250504e-03
4.121317062526941299e-03
4.103395622223615646e-03
6.297208834439516068e-03
3.225644817575812340e-03
2.771959640085697174e-03
1.681801746599376202e-03
1.877611270174384117e-03
8.767087128944694996e-04
8.626200142316520214e-04
1.169722294434905052e-03
1.570951542817056179e-03
1.341517316177487373e-03
1.294749439693987370e-03
9.766628500074148178e-04
8.878846419975161552e-04
1.253447961062192917e-03
1.176059129647910595e-03
9.568195673637092113e-04
