1.808027076721191406e+01
1.074437236785888672e+01
1.411738777160644531e+01
1.316152763366699219e+01
9.365384101867675781e+00
9.858203887939453125e+00
1.568212604522705078e+01
9.929409980773925781e+00
1.100480842590332031e+01
1.182461643218994141e+01
1.174707984924316406e+01
1.018137741088867188e+01
1.942152404785156250e+01
1.033542823791503906e+01
8.741717338562011719e+00
1.200421619415283203e+01
1.358953475952148438e+01
8.606528282165527344e+00
1.106832695007324219e+01
1.065422534942626953e+01
1.333467102050781250e+01
1.126564884185791016e+01
9.898248672485351562e+00
1.040266990661621094e+01
1.219458293914794922e+01
1.345458507537841797e+01
1.279592227935791016e+01
1.166282176971435547e+01
1.049998188018798828e+01
9.570753097534179688e+00
1.240602207183837891e+01
9.726805686950683594e+00
9.617329597473144531e+00
1.135370349884033203e+01
8.809015274047851562e+00
7.495363712310791016e+00
1.038469505310058594e+01
7.411906242370605469e+00
6.603064537048339844e+00
4.744832515716552734e+00
4.872418880462646484e+00
3.089133262634277344e+00
2.790090322494506836e+00
2.321660995483398438e+00
3.149376392364501953e+00
3.193279743194580078e+00
3.961901664733886719e+00
4.034029960632324219e+00
3.429202318191528320e+00
3.087599754333496094e+00
2.874615669250488281e+00
3.175673484802246094e+00
2.273539781570434570e+00
2.520165681838989258e+00
2.742274284362792969e+00
2.473498344421386719e+00
3.018832445144653320e+00
3.138480901718139648e+00
2.658523797988891602e+00
2.779031991958618164e+00
2.600642442703247070e+00
2.027550458908081055e+00
2.264424085617065430e+00
2.549011230468750000e+00
2.232677936553955078e+00
2.399873971939086914e+00
2.976571321487426758e+00
2.284337043762207031e+00
2.654428958892822266e+00
2.624652385711669922e+00
2.929302215576171875e+00
2.349581241607666016e+00
2.145068883895874023e+00
2.422402143478393555e+00
2.191423177719116211e+00
2.359114408493041992e+00
2.471578121185302734e+00
2.284036397933959961e+00
2.193558692932128906e+00
2.029794454574584961e+00
2.256233692169189453e+00
2.201917886734008789e+00
2.040069580078125000e+00
2.464856624603271484e+00
2.447260141372680664e+00
2.195710897445678711e+00
1.978852391242980957e+00
2.113213539123535156e+00
1.921138525009155273e+00
1.974882364273071289e+00
2.056971549987792969e+00
2.475760221481323242e+00
2.018414497375488281e+00
2.111716270446777344e+00
2.505764722824096680e+00
2.261429786682128906e+00
2.098444700241088867e+00
1.937221169471740723e+00
2.077909469604492188e+00
2.355222225189208984e+00
1.803220629692077637e+00
2.209940910339355469e+00
2.273212194442749023e+00
2.279912471771240234e+00
1.735478878021240234e+00
2.084282636642456055e+00
2.101157903671264648e+00
1.813233017921447754e+00
2.235098361968994141e+00
2.206210613250732422e+00
1.766655445098876953e+00
2.221868515014648438e+00
2.368524312973022461e+00
1.796055555343627930e+00
1.939370989799499512e+00
2.068259716033935547e+00
2.080193996429443359e+00
1.645511269569396973e+00
1.907494425773620605e+00
1.843694686889648438e+00
2.081494331359863281e+00
2.274298667907714844e+00
1.998415350914001465e+00
1.912386298179626465e+00
2.368223905563354492e+00
2.023046255111694336e+00
1.902231931686401367e+00
2.031705141067504883e+00
1.900830388069152832e+00
2.058533430099487305e+00
1.833856940269470215e+00
2.164347648620605469e+00
1.664270520210266113e+00
1.967139482498168945e+00
1.999717712402343750e+00
2.051865577697753906e+00
1.865677714347839355e+00
1.881202816963195801e+00
1.620769143104553223e+00
2.056831359863281250e+00
2.103085517883300781e+00
1.565731763839721680e+00
1.602502465248107910e+00
1.746868133544921875e+00
1.977198719978332520e+00
1.592362046241760254e+00
1.854088306427001953e+00
2.117630243301391602e+00
2.576704502105712891e+00
1.910023331642150879e+00
1.874907851219177246e+00
1.847741842269897461e+00
1.734898090362548828e+00
2.008403778076171875e+00
1.955609440803527832e+00
1.853547334671020508e+00
1.979250431060791016e+00
2.029445648193359375e+00
1.905246615409851074e+00
2.174483060836791992e+00
1.820664286613464355e+00
1.585503935813903809e+00
1.745336771011352539e+00
1.751868009567260742e+00
1.651579141616821289e+00
2.062609434127807617e+00
1.769068717956542969e+00
2.122212171554565430e+00
1.722922444343566895e+00
1.641293048858642578e+00
1.768196582794189453e+00
1.708162069320678711e+00
1.746188282966613770e+00
1.881113648414611816e+00
1.739709138870239258e+00
1.563289284706115723e+00
1.656048536300659180e+00
1.607313036918640137e+00
1.830833196640014648e+00
1.755584955215454102e+00
1.609864592552185059e+00
1.756771564483642578e+00
1.521360278129577637e+00
1.466266632080078125e+00
1.620422244071960449e+00
1.545657992362976074e+00
1.765804290771484375e+00
1.538495540618896484e+00
1.509693741798400879e+00
1.362827658653259277e+00
1.475835442543029785e+00
1.507179737091064453e+00
1.822404384613037109e+00
1.552280902862548828e+00
1.693837761878967285e+00
1.642912387847900391e+00
1.498946189880371094e+00
1.496999859809875488e+00
1.617258071899414062e+00
1.425783276557922363e+00
1.569705247879028320e+00
1.360083341598510742e+00
1.471232295036315918e+00
1.663002133369445801e+00
1.328784108161926270e+00
1.569386243820190430e+00
1.293447732925415039e+00
1.507209300994873047e+00
1.664883732795715332e+00
1.292094349861145020e+00
1.236015439033508301e+00
1.309741854667663574e+00
1.234201788902282715e+00
1.415223002433776855e+00
1.068490505218505859e+00
1.408468604087829590e+00
1.412323951721191406e+00
1.543035864830017090e+00
1.245467185974121094e+00
1.169732332229614258e+00
1.211891889572143555e+00
1.218252301216125488e+00
1.207294344902038574e+00
1.265523433685302734e+00
1.332168698310852051e+00
1.155835866928100586e+00
1.361195802688598633e+00
1.040376067161560059e+00
1.262115359306335449e+00
1.375109910964965820e+00
1.284074187278747559e+00
1.180525422096252441e+00
1.328940033912658691e+00
1.191693186759948730e+00
1.242653965950012207e+00
1.040101408958435059e+00
1.256769657135009766e+00
1.097479701042175293e+00
1.024150848388671875e+00
1.149238586425781250e+00
1.321837663650512695e+00
1.321250438690185547e+00
1.033856153488159180e+00
1.072526574134826660e+00
1.107874989509582520e+00
1.269077301025390625e+00
1.209802627563476562e+00
1.223178982734680176e+00
1.164475083351135254e+00
1.155479788780212402e+00
1.155309438705444336e+00
1.181105613708496094e+00
1.131052017211914062e+00
1.228908538818359375e+00
1.266018986701965332e+00
1.218788266181945801e+00
1.145360827445983887e+00
1.060027122497558594e+00
1.183338284492492676e+00
1.089289546012878418e+00
1.095863461494445801e+00
1.150853037834167480e+00
1.015586495399475098e+00
1.247777342796325684e+00
1.099471807479858398e+00
1.057469010353088379e+00
1.186488270759582520e+00
9.901810288429260254e-01
1.113030552864074707e+00
9.577834010124206543e-01
1.164524435997009277e+00
1.157581686973571777e+00
8.855527043342590332e-01
1.096934914588928223e+00
1.054528355598449707e+00
1.043313622474670410e+00
9.213113188743591309e-01
1.174837470054626465e+00
9.587832093238830566e-01
1.040353536605834961e+00
1.083852648735046387e+00
1.063345670700073242e+00
1.088283538818359375e+00
1.116008877754211426e+00
8.143950700759887695e-01
1.044464588165283203e+00
8.567429780960083008e-01
1.016833782196044922e+00
1.183070302009582520e+00
9.077683091163635254e-01
9.233264923095703125e-01
1.176042318344116211e+00
1.011538624763488770e+00
1.017829656600952148e+00
8.653516769409179688e-01
9.429342746734619141e-01
9.862536787986755371e-01
1.002321362495422363e+00
1.006845951080322266e+00
1.062121987342834473e+00
1.074870586395263672e+00
1.011862635612487793e+00
1.028713345527648926e+00
1.061962485313415527e+00
1.051117658615112305e+00
9.551355838775634766e-01
1.339482784271240234e+00
1.124928355216979980e+00
1.088950634002685547e+00
8.889819383621215820e-01
1.090466141700744629e+00
9.989303350448608398e-01
9.547103047370910645e-01
8.912696838378906250e-01
8.789429068565368652e-01
1.068547129631042480e+00
9.708625078201293945e-01
9.817808866500854492e-01
9.001308679580688477e-01
9.751862883567810059e-01
9.108847379684448242e-01
8.302211761474609375e-01
9.185642600059509277e-01
9.191451072692871094e-01
1.095373511314392090e+00
8.072544932365417480e-01
9.979951381683349609e-01
1.177687764167785645e+00
9.220224618911743164e-01
9.391080737113952637e-01
8.689374327659606934e-01
9.220016598701477051e-01
1.040344834327697754e+00
9.834817051887512207e-01
1.080638885498046875e+00
1.100927233695983887e+00
9.792209267616271973e-01
1.158693075180053711e+00
8.596444129943847656e-01
1.039263844490051270e+00
8.551706075668334961e-01
1.054870605468750000e+00
1.073006987571716309e+00
1.035112977027893066e+00
9.990775585174560547e-01
7.547660470008850098e-01
9.121596217155456543e-01
8.355162143707275391e-01
1.154486775398254395e+00
1.227816820144653320e+00
8.939221501350402832e-01
1.063510537147521973e+00
1.052111864089965820e+00
8.353112339973449707e-01
9.671644568443298340e-01
8.978033661842346191e-01
9.762285351753234863e-01
9.624890685081481934e-01
9.366394877433776855e-01
9.236387610435485840e-01
8.096480965614318848e-01
8.744407892227172852e-01
9.688899517059326172e-01
9.964073896408081055e-01
8.214779496192932129e-01
9.693198204040527344e-01
8.776021003723144531e-01
9.639635682106018066e-01
1.214148759841918945e+00
8.359723687171936035e-01
9.289655089378356934e-01
1.133354187011718750e+00
9.102897047996520996e-01
9.978208541870117188e-01
1.019395232200622559e+00
7.979379296302795410e-01
9.630271792411804199e-01
7.478439211845397949e-01
9.682611823081970215e-01
8.381446003913879395e-01
9.961405396461486816e-01
8.900519013404846191e-01
7.299984097480773926e-01
9.608005881309509277e-01
9.930793046951293945e-01
8.002995848655700684e-01
9.228453636169433594e-01
8.508946895599365234e-01
8.854165077209472656e-01
9.717076420783996582e-01
9.093037247657775879e-01
9.999295473098754883e-01
9.103679656982421875e-01
9.982891082763671875e-01
9.153726696968078613e-01
1.097754120826721191e+00
8.200441002845764160e-01
8.425624966621398926e-01
1.032025694847106934e+00
8.832872509956359863e-01
7.794041037559509277e-01
8.341245651245117188e-01
8.454918861389160156e-01
9.273223876953125000e-01
9.449666738510131836e-01
8.145375847816467285e-01
1.029798865318298340e+00
9.397587180137634277e-01
7.379767894744873047e-01
1.179453730583190918e+00
9.244434833526611328e-01
9.405684471130371094e-01
1.038459420204162598e+00
8.155931830406188965e-01
1.008936285972595215e+00
8.360301852226257324e-01
1.028388977050781250e+00
8.991040587425231934e-01
9.363297224044799805e-01
8.541358709335327148e-01
9.924678802490234375e-01
1.781913399696350098e+00
9.806374311447143555e-01
9.036617875099182129e-01
8.655062317848205566e-01
1.159582018852233887e+00
9.628016352653503418e-01
1.096301436424255371e+00
8.625385761260986328e-01
8.064976930618286133e-01
9.943854212760925293e-01
9.194031357765197754e-01
9.628601074218750000e-01
1.016393661499023438e+00
8.754394054412841797e-01
8.830566406250000000e-01
1.026789665222167969e+00
7.917341589927673340e-01
6.989530920982360840e-01
7.818605303764343262e-01
8.029574751853942871e-01
9.191622138023376465e-01
1.245892524719238281e+00
7.366136312484741211e-01
8.984875679016113281e-01
9.438441395759582520e-01
8.103578686714172363e-01
8.545961976051330566e-01
7.823183536529541016e-01
7.872467041015625000e-01
1.002007722854614258e+00
8.491228818893432617e-01
9.066605567932128906e-01
1.054022550582885742e+00
8.637243509292602539e-01
7.972712516784667969e-01
8.542189598083496094e-01
8.577731847763061523e-01
9.001508355140686035e-01
1.030855536460876465e+00
8.788677453994750977e-01
9.359397888183593750e-01
8.648934364318847656e-01
8.344694972038269043e-01
7.791044116020202637e-01
8.083950281143188477e-01
1.019885778427124023e+00
8.308466076850891113e-01
9.132065773010253906e-01
8.399546742439270020e-01
6.804559230804443359e-01
9.266937971115112305e-01
9.142712354660034180e-01
9.579671025276184082e-01
8.275258541107177734e-01
8.712756633758544922e-01
7.335305213928222656e-01
9.610865116119384766e-01
7.971475720405578613e-01
9.183224439620971680e-01
9.874609112739562988e-01
6.853555440902709961e-01
8.782534599304199219e-01
7.609084844589233398e-01
8.731597661972045898e-01
1.002806663513183594e+00
8.665626645088195801e-01
9.161982536315917969e-01
9.166461825370788574e-01
7.423171997070312500e-01
9.654404520988464355e-01
7.586919665336608887e-01
7.782130837440490723e-01
9.428691267967224121e-01
7.688817381858825684e-01
7.766544222831726074e-01
9.277297258377075195e-01
1.001088619232177734e+00
8.388671875000000000e-01
9.549128413200378418e-01
8.262986540794372559e-01
6.350105404853820801e-01
7.971870303153991699e-01
1.010596156120300293e+00
8.548204302787780762e-01
9.990003705024719238e-01
8.154162168502807617e-01
7.472897171974182129e-01
7.969155907630920410e-01
8.302987217903137207e-01
7.479014992713928223e-01
8.648567199707031250e-01
8.698281645774841309e-01
8.916774988174438477e-01
1.047575950622558594e+00
1.040349006652832031e+00
6.695662140846252441e-01
7.687380313873291016e-01
9.384667277336120605e-01
9.350842833518981934e-01
9.885960817337036133e-01
9.756753444671630859e-01
9.153911471366882324e-01
7.988207936286926270e-01
1.131429433822631836e+00
7.414035797119140625e-01
8.499697446823120117e-01
6.544633507728576660e-01
9.333869218826293945e-01
1.074442744255065918e+00
8.471158742904663086e-01
8.573282957077026367e-01
9.326248764991760254e-01
7.935183644294738770e-01
8.286735415458679199e-01
8.260006904602050781e-01
8.818051218986511230e-01
8.599687814712524414e-01
7.629238963127136230e-01
8.229851722717285156e-01
1.180188179016113281e+00
1.122425436973571777e+00
8.245108723640441895e-01
9.708532691001892090e-01
7.825244069099426270e-01
7.501497864723205566e-01
8.821735978126525879e-01
8.907772302627563477e-01
8.385618329048156738e-01
1.028716087341308594e+00
8.932500481605529785e-01
8.255591988563537598e-01
8.560654520988464355e-01
8.659516572952270508e-01
6.566834449768066406e-01
9.313520193099975586e-01
8.418008089065551758e-01
8.476835489273071289e-01
8.172771334648132324e-01
8.711069822311401367e-01
8.574154376983642578e-01
6.934819221496582031e-01
7.194817066192626953e-01
9.096663594245910645e-01
7.554697990417480469e-01
7.243013381958007812e-01
7.821676135063171387e-01
9.070463180541992188e-01
8.562456369400024414e-01
7.023894190788269043e-01
7.910419702529907227e-01
8.047100901603698730e-01
7.120535373687744141e-01
7.992922663688659668e-01
7.158945202827453613e-01
8.119201064109802246e-01
7.843174934387207031e-01
8.457109928131103516e-01
9.452227354049682617e-01
7.527969479560852051e-01
6.333763003349304199e-01
8.446658253669738770e-01
7.990562915802001953e-01
9.172767400741577148e-01
1.093225955963134766e+00
7.810723185539245605e-01
7.855269312858581543e-01
9.073334336280822754e-01
7.505592107772827148e-01
9.148666858673095703e-01
8.750683665275573730e-01
7.151200771331787109e-01
7.654230594635009766e-01
9.908313751220703125e-01
7.250371575355529785e-01
7.584204673767089844e-01
6.474960446357727051e-01
6.994479298591613770e-01
7.234359979629516602e-01
1.013538956642150879e+00
9.495370388031005859e-01
8.602482080459594727e-01
7.506570816040039062e-01
9.001302719116210938e-01
8.889994025230407715e-01
9.481860399246215820e-01
9.126067757606506348e-01
7.393396496772766113e-01
9.152906537055969238e-01
8.364862799644470215e-01
6.755876541137695312e-01
7.930075526237487793e-01
6.750510931015014648e-01
7.770718336105346680e-01
7.023105621337890625e-01
9.321559071540832520e-01
8.978287577629089355e-01
7.124604582786560059e-01
7.382244467735290527e-01
7.921950221061706543e-01
7.958816885948181152e-01
1.004117131233215332e+00
7.021074295043945312e-01
8.155075907707214355e-01
6.715229749679565430e-01
8.549049496650695801e-01
8.948526382446289062e-01
7.980546355247497559e-01
8.005472421646118164e-01
7.040576934814453125e-01
8.085466623306274414e-01
7.263969182968139648e-01
1.078809738159179688e+00
7.127154469490051270e-01
8.010789155960083008e-01
8.936467170715332031e-01
7.785617113113403320e-01
7.586060762405395508e-01
7.814626097679138184e-01
7.983224391937255859e-01
6.902862191200256348e-01
7.349270582199096680e-01
6.439472436904907227e-01
8.861940503120422363e-01
7.738472819328308105e-01
5.897193551063537598e-01
7.929794788360595703e-01
7.764955759048461914e-01
8.192934989929199219e-01
7.785307765007019043e-01
8.403956890106201172e-01
8.811720609664916992e-01
8.254045844078063965e-01
6.835997700691223145e-01
8.024589419364929199e-01
7.510877847671508789e-01
7.542157769203186035e-01
1.006573438644409180e+00
7.826284766197204590e-01
8.167688250541687012e-01
7.394323348999023438e-01
7.169066071510314941e-01
8.418674468994140625e-01
7.839999198913574219e-01
1.057745695114135742e+00
6.626214981079101562e-01
8.279983401298522949e-01
8.488568663597106934e-01
7.989925146102905273e-01
7.191815376281738281e-01
6.428546905517578125e-01
8.394092321395874023e-01
8.513373136520385742e-01
8.469708561897277832e-01
6.510001420974731445e-01
8.511949181556701660e-01
8.309218287467956543e-01
7.789745926856994629e-01
6.996964812278747559e-01
6.300194263458251953e-01
7.109408974647521973e-01
7.647889256477355957e-01
7.607057094573974609e-01
8.023352622985839844e-01
7.372598052024841309e-01
7.055971622467041016e-01
6.476882696151733398e-01
8.106028437614440918e-01
7.577654123306274414e-01
7.506722211837768555e-01
7.474156618118286133e-01
8.121152520179748535e-01
7.582511901855468750e-01
6.977225542068481445e-01
7.931495904922485352e-01
7.293233871459960938e-01
9.004427790641784668e-01
1.013248324394226074e+00
7.741104960441589355e-01
7.893587946891784668e-01
7.803347110748291016e-01
7.354210019111633301e-01
9.777583479881286621e-01
8.045737743377685547e-01
8.927140831947326660e-01
7.887216210365295410e-01
6.717628836631774902e-01
7.836362123489379883e-01
8.025400042533874512e-01
7.010741829872131348e-01
7.440465688705444336e-01
7.907079458236694336e-01
6.706007122993469238e-01
7.635327577590942383e-01
8.213720321655273438e-01
7.768965363502502441e-01
7.574266791343688965e-01
6.400145888328552246e-01
6.236484646797180176e-01
7.828125357627868652e-01
8.556158542633056641e-01
6.583810448646545410e-01
7.486162185668945312e-01
7.514654994010925293e-01
7.279614806175231934e-01
8.089072704315185547e-01
8.850241899490356445e-01
6.992161870002746582e-01
7.599848508834838867e-01
7.435704469680786133e-01
6.675635576248168945e-01
7.245384454727172852e-01
6.769191026687622070e-01
7.308094501495361328e-01
8.036046028137207031e-01
7.366001009941101074e-01
6.776378154754638672e-01
6.569505333900451660e-01
7.638537287712097168e-01
6.714879274368286133e-01
6.279392242431640625e-01
7.268652915954589844e-01
7.466494441032409668e-01
6.762799024581909180e-01
8.786373138427734375e-01
8.029187917709350586e-01
7.973773479461669922e-01
6.117502450942993164e-01
8.108971118927001953e-01
7.549827098846435547e-01
6.878217458724975586e-01
7.630040645599365234e-01
7.197799086570739746e-01
7.726601362228393555e-01
7.085650563240051270e-01
7.829489707946777344e-01
7.469938993453979492e-01
6.898318529129028320e-01
6.441344022750854492e-01
6.527523994445800781e-01
8.765289783477783203e-01
6.658542752265930176e-01
6.995074152946472168e-01
8.095858693122863770e-01
8.543055653572082520e-01
7.026924490928649902e-01
1.085453987121582031e+00
6.593905091285705566e-01
8.601421117782592773e-01
7.515619397163391113e-01
6.294496655464172363e-01
7.919106483459472656e-01
6.551874876022338867e-01
6.977724432945251465e-01
8.293021321296691895e-01
7.667561769485473633e-01
7.986989021301269531e-01
6.774041652679443359e-01
9.754130244255065918e-01
7.901293635368347168e-01
8.407283425331115723e-01
8.257521986961364746e-01
7.084799408912658691e-01
6.919924020767211914e-01
9.077939987182617188e-01
7.412431240081787109e-01
7.130001187324523926e-01
7.679857015609741211e-01
7.215132713317871094e-01
8.822959065437316895e-01
8.507705330848693848e-01
7.830272912979125977e-01
9.149614572525024414e-01
6.671855449676513672e-01
7.850007414817810059e-01
7.407808303833007812e-01
6.622534990310668945e-01
6.738550066947937012e-01
6.732177138328552246e-01
7.646299004554748535e-01
7.889052033424377441e-01
8.161086440086364746e-01
7.905007600784301758e-01
8.382037878036499023e-01
6.846597790718078613e-01
7.341932058334350586e-01
8.468153476715087891e-01
6.747103929519653320e-01
9.993783235549926758e-01
7.724708318710327148e-01
6.720060706138610840e-01
7.493806481361389160e-01
6.993127465248107910e-01
6.875144243240356445e-01
6.268432140350341797e-01
7.764222025871276855e-01
6.755327582359313965e-01
6.896857023239135742e-01
8.252626657485961914e-01
8.067862391471862793e-01
6.970573067665100098e-01
6.706526279449462891e-01
6.901898980140686035e-01
6.689631938934326172e-01
9.039103984832763672e-01
7.242151498794555664e-01
6.939042210578918457e-01
7.023189067840576172e-01
8.262449502944946289e-01
7.342610359191894531e-01
7.835259437561035156e-01
7.626122832298278809e-01
6.927028298377990723e-01
7.072610259056091309e-01
5.622633695602416992e-01
5.899521112442016602e-01
7.324551939964294434e-01
6.755146980285644531e-01
8.834283947944641113e-01
6.806144714355468750e-01
7.969641089439392090e-01
7.947904467582702637e-01
6.603164672851562500e-01
6.276861429214477539e-01
6.480641961097717285e-01
6.525323987007141113e-01
6.474462151527404785e-01
6.863809823989868164e-01
7.462748289108276367e-01
6.640551090240478516e-01
6.345278620719909668e-01
8.093732595443725586e-01
6.776226758956909180e-01
6.919171214103698730e-01
7.395141720771789551e-01
7.444722056388854980e-01
6.273359060287475586e-01
6.898478865623474121e-01
6.765314340591430664e-01
7.356230616569519043e-01
7.770615816116333008e-01
6.124592423439025879e-01
7.622055411338806152e-01
8.954505324363708496e-01
6.561936140060424805e-01
7.347726821899414062e-01
6.368641853332519531e-01
6.759538054466247559e-01
7.921418547630310059e-01
6.043129563331604004e-01
9.148064255714416504e-01
6.785880327224731445e-01
7.501862645149230957e-01
6.770845055580139160e-01
6.469957232475280762e-01
7.107952237129211426e-01
9.452506899833679199e-01
5.925225019454956055e-01
6.438082456588745117e-01
6.013029217720031738e-01
7.116450071334838867e-01
7.525444030761718750e-01
6.429489850997924805e-01
6.919119358062744141e-01
6.601209640502929688e-01
8.482077717781066895e-01
6.552860140800476074e-01
7.312745451927185059e-01
5.650292634963989258e-01
7.254416942596435547e-01
7.104615569114685059e-01
7.447104454040527344e-01
7.266346216201782227e-01
7.099864482879638672e-01
6.894796490669250488e-01
7.122115492820739746e-01
7.133979201316833496e-01
6.091817617416381836e-01
7.731723189353942871e-01
7.543418407440185547e-01
7.577108740806579590e-01
6.872671246528625488e-01
8.116835951805114746e-01
7.041458487510681152e-01
6.677016615867614746e-01
6.811264157295227051e-01
6.498757004737854004e-01
6.834039688110351562e-01
8.143559694290161133e-01
7.163321375846862793e-01
6.989111900329589844e-01
7.298014163970947266e-01
6.452834606170654297e-01
8.524958491325378418e-01
6.672731637954711914e-01
5.882874131202697754e-01
7.191655635833740234e-01
6.588652729988098145e-01
6.805543303489685059e-01
7.661213874816894531e-01
8.289857506752014160e-01
7.344800233840942383e-01
7.006162405014038086e-01
7.845963239669799805e-01
6.800817847251892090e-01
7.247436046600341797e-01
6.766375899314880371e-01
7.463231682777404785e-01
7.454875111579895020e-01
6.839559078216552734e-01
6.444752812385559082e-01
6.775668859481811523e-01
9.122864603996276855e-01
7.236121892929077148e-01
7.197194099426269531e-01
7.363229393959045410e-01
7.470825314521789551e-01
6.954401731491088867e-01
6.881861090660095215e-01
8.077736496925354004e-01
6.775727272033691406e-01
6.590139269828796387e-01
6.983917951583862305e-01
7.964898943901062012e-01
6.432635188102722168e-01
8.005070090293884277e-01
7.435535192489624023e-01
6.506368517875671387e-01
9.111657142639160156e-01
7.489469051361083984e-01
6.462000012397766113e-01
7.830919027328491211e-01
8.147111535072326660e-01
6.241725683212280273e-01
6.582226157188415527e-01
5.981336236000061035e-01
7.480095624923706055e-01
6.651227474212646484e-01
7.622252702713012695e-01
7.898119688034057617e-01
7.103695869445800781e-01
6.033672094345092773e-01
6.223480701446533203e-01
8.722462058067321777e-01
6.978605389595031738e-01
7.579796910285949707e-01
7.709695696830749512e-01
7.268588542938232422e-01
6.778748035430908203e-01
7.163627147674560547e-01
7.110669612884521484e-01
6.888529062271118164e-01
8.152599334716796875e-01
8.189374804496765137e-01
6.075330972671508789e-01
7.208206057548522949e-01
6.226373314857482910e-01
7.415998578071594238e-01
7.210026979446411133e-01
7.493991255760192871e-01
7.758225798606872559e-01
6.305484175682067871e-01
7.481971979141235352e-01
8.277146816253662109e-01
8.323125839233398438e-01
6.191852092742919922e-01
8.665599226951599121e-01
7.576364874839782715e-01
8.561303615570068359e-01
7.465758323669433594e-01
8.316906094551086426e-01
6.128401160240173340e-01
6.848995685577392578e-01
5.891659259796142578e-01
8.074764013290405273e-01
6.440840363502502441e-01
7.447780370712280273e-01
7.633745670318603516e-01
8.087607622146606445e-01
7.980654239654541016e-01
8.714417219161987305e-01
7.587590813636779785e-01
5.864316225051879883e-01
7.571406960487365723e-01
7.878260612487792969e-01
6.163480877876281738e-01
6.126673221588134766e-01
6.783616542816162109e-01
6.168121695518493652e-01
6.975131034851074219e-01
6.984786987304687500e-01
8.021634817123413086e-01
6.478326916694641113e-01
7.782225608825683594e-01
1.024175405502319336e+00
7.155718207359313965e-01
6.514145135879516602e-01
7.888218760490417480e-01
6.281915903091430664e-01
5.504772067070007324e-01
8.071224689483642578e-01
6.636155247688293457e-01
8.602412343025207520e-01
6.540443301200866699e-01
7.522963285446166992e-01
7.486544847488403320e-01
6.650651693344116211e-01
6.203485727310180664e-01
6.409287452697753906e-01
6.624941229820251465e-01
7.268989682197570801e-01
7.250705957412719727e-01
6.475250124931335449e-01
8.486676812171936035e-01
7.315528988838195801e-01
8.559569120407104492e-01
6.684548258781433105e-01
7.976104617118835449e-01
6.853854060173034668e-01
5.324659347534179688e-01
6.003009080886840820e-01
7.713710069656372070e-01
8.054042458534240723e-01
5.842239260673522949e-01
6.951493620872497559e-01
7.369118928909301758e-01
7.494815587997436523e-01
7.206294536590576172e-01
6.293747425079345703e-01
8.359633684158325195e-01
6.794045567512512207e-01
7.393153309822082520e-01
6.800534725189208984e-01
7.135348916053771973e-01
6.100182533264160156e-01
7.880200147628784180e-01
7.632250785827636719e-01
6.430438160896301270e-01
6.808461546897888184e-01
6.447632908821105957e-01
5.771628618240356445e-01
5.948615074157714844e-01
6.817232370376586914e-01
6.055477857589721680e-01
7.035030722618103027e-01
6.535993218421936035e-01
7.276896238327026367e-01
8.302423357963562012e-01
5.733764171600341797e-01
7.287790775299072266e-01
6.526853442192077637e-01
6.840731501579284668e-01
7.194791436195373535e-01
6.994088888168334961e-01
7.888496518135070801e-01
9.089784026145935059e-01
6.030126214027404785e-01
7.770715355873107910e-01
6.975095868110656738e-01
6.476165652275085449e-01
5.910412073135375977e-01
7.182801365852355957e-01
8.137599229812622070e-01
7.983056306838989258e-01
7.699107527732849121e-01
6.863785386085510254e-01
6.809429526329040527e-01
8.233719468116760254e-01
7.303333878517150879e-01
7.422273159027099609e-01
6.650731563568115234e-01
7.880157828330993652e-01
7.234408259391784668e-01
6.392298340797424316e-01
7.214432358741760254e-01
6.511611342430114746e-01
7.419081330299377441e-01
6.479898691177368164e-01
7.267967462539672852e-01
6.900053024291992188e-01
7.286798954010009766e-01
7.916411161422729492e-01
7.812274694442749023e-01
7.292929887771606445e-01
9.115469455718994141e-01
9.333914518356323242e-01
6.653833389282226562e-01
6.501635909080505371e-01
8.244397640228271484e-01
6.416616439819335938e-01
6.973453760147094727e-01
6.495136618614196777e-01
7.060353755950927734e-01
6.183465123176574707e-01
7.129602432250976562e-01
7.282922863960266113e-01
6.992431879043579102e-01
6.358672380447387695e-01
7.136811614036560059e-01
7.496494054794311523e-01
6.396388411521911621e-01
6.664074063301086426e-01
7.302755713462829590e-01
6.525232195854187012e-01
7.883452177047729492e-01
6.502636075019836426e-01
5.903453826904296875e-01
6.992232799530029297e-01
8.073951005935668945e-01
8.522212505340576172e-01
6.675606369972229004e-01
5.558324456214904785e-01
1.064911127090454102e+00
8.179818987846374512e-01
5.862861871719360352e-01
6.614181995391845703e-01
6.989858746528625488e-01
7.716720700263977051e-01
6.826823353767395020e-01
7.491866946220397949e-01
7.016949057579040527e-01
7.385597825050354004e-01
6.810208559036254883e-01
7.746610045433044434e-01
6.794379353523254395e-01
7.421995401382446289e-01
6.979328393936157227e-01
5.867666602134704590e-01
6.479852199554443359e-01
7.179002761840820312e-01
5.944213867187500000e-01
7.290585041046142578e-01
7.208859324455261230e-01
7.004340291023254395e-01
7.288733124732971191e-01
6.925998926162719727e-01
7.071872353553771973e-01
7.582256793975830078e-01
6.523843407630920410e-01
7.237989902496337891e-01
7.395980358123779297e-01
6.323922276496887207e-01
5.646002292633056641e-01
6.339033246040344238e-01
7.102820873260498047e-01
6.457444429397583008e-01
6.791402697563171387e-01
7.335464358329772949e-01
6.867676973342895508e-01
6.164777874946594238e-01
7.162640690803527832e-01
5.839464664459228516e-01
6.435742974281311035e-01
6.078428626060485840e-01
6.166472434997558594e-01
5.908074975013732910e-01
6.028543710708618164e-01
6.024038791656494141e-01
6.164968013763427734e-01
6.584669351577758789e-01
7.187668085098266602e-01
6.360634565353393555e-01
6.452041268348693848e-01
7.455738186836242676e-01
7.520005702972412109e-01
6.652606725692749023e-01
5.151570439338684082e-01
6.994702816009521484e-01
6.046245694160461426e-01
5.844972133636474609e-01
7.481490373611450195e-01
6.946428418159484863e-01
8.098414540290832520e-01
6.116714477539062500e-01
7.333108782768249512e-01
6.088938117027282715e-01
6.921520233154296875e-01
7.133656144142150879e-01
8.392572402954101562e-01
6.369349956512451172e-01
6.445111632347106934e-01
7.677097320556640625e-01
7.257684469223022461e-01
6.484266519546508789e-01
5.990763306617736816e-01
6.075742840766906738e-01
7.898838520050048828e-01
6.662775278091430664e-01
6.108616590499877930e-01
7.108999490737915039e-01
6.300866007804870605e-01
6.486545205116271973e-01
6.661608815193176270e-01
5.366823673248291016e-01
6.843315362930297852e-01
6.410970091819763184e-01
8.128292560577392578e-01
6.690435409545898438e-01
6.396949291229248047e-01
7.735403776168823242e-01
7.262817025184631348e-01
6.097107529640197754e-01
6.269772648811340332e-01
7.462190985679626465e-01
7.851050496101379395e-01
6.259735822677612305e-01
6.574164032936096191e-01
7.162091732025146484e-01
7.171694636344909668e-01
6.690966486930847168e-01
5.760579705238342285e-01
7.437176704406738281e-01
7.584580183029174805e-01
7.859688997268676758e-01
6.208189725875854492e-01
5.291694402694702148e-01
7.022722959518432617e-01
6.734519004821777344e-01
7.244063615798950195e-01
6.301137804985046387e-01
9.835947155952453613e-01
7.433277368545532227e-01
6.185506582260131836e-01
6.073455214500427246e-01
5.364281535148620605e-01
6.648588776588439941e-01
6.700389385223388672e-01
7.432019114494323730e-01
7.342339754104614258e-01
6.870531439781188965e-01
7.155780196189880371e-01
7.545474171638488770e-01
7.209461331367492676e-01
6.247888803482055664e-01
7.551250457763671875e-01
6.769909262657165527e-01
6.584790945053100586e-01
6.518805027008056641e-01
7.492301464080810547e-01
7.234441637992858887e-01
6.125626564025878906e-01
6.203210949897766113e-01
6.412104964256286621e-01
8.024170994758605957e-01
7.395434379577636719e-01
6.684442758560180664e-01
5.468284487724304199e-01
8.801914453506469727e-01
5.807558894157409668e-01
6.738894581794738770e-01
7.123316526412963867e-01
6.007307767868041992e-01
6.753541231155395508e-01
6.847215890884399414e-01
5.364516973495483398e-01
5.589996576309204102e-01
7.677418589591979980e-01
5.654981732368469238e-01
6.706187725067138672e-01
8.103320598602294922e-01
7.434663772583007812e-01
6.363816261291503906e-01
6.963396668434143066e-01
5.837895274162292480e-01
6.675325632095336914e-01
6.260612607002258301e-01
6.240248680114746094e-01
6.407502889633178711e-01
7.523248791694641113e-01
7.005842924118041992e-01
6.694792509078979492e-01
7.134499549865722656e-01
6.487687230110168457e-01
7.197757959365844727e-01
5.434576272964477539e-01
6.634101867675781250e-01
6.882426738739013672e-01
6.628956794738769531e-01
6.966572999954223633e-01
7.415231466293334961e-01
6.952764987945556641e-01
7.365009188652038574e-01
6.359757781028747559e-01
6.458318233489990234e-01
5.025592446327209473e-01
6.248112320899963379e-01
6.399033069610595703e-01
5.822081565856933594e-01
7.519820928573608398e-01
6.449529528617858887e-01
6.433496475219726562e-01
6.190342307090759277e-01
6.093209385871887207e-01
7.184895277023315430e-01
7.109218835830688477e-01
6.865665912628173828e-01
6.407570838928222656e-01
5.570182800292968750e-01
5.328407287597656250e-01
6.869694590568542480e-01
6.495513319969177246e-01
6.274812817573547363e-01
5.256835818290710449e-01
6.588844060897827148e-01
6.894344687461853027e-01
6.999014019966125488e-01
7.218206524848937988e-01
7.281425595283508301e-01
6.847775578498840332e-01
7.821856737136840820e-01
6.519179344177246094e-01
8.056751489639282227e-01
6.744117140769958496e-01
7.405009865760803223e-01
5.924762487411499023e-01
6.899384856224060059e-01
5.682310461997985840e-01
7.227221727371215820e-01
7.053763270378112793e-01
7.638821005821228027e-01
6.693932414054870605e-01
7.013918757438659668e-01
5.718203186988830566e-01
7.082073092460632324e-01
6.794934272766113281e-01
7.300738096237182617e-01
7.189632058143615723e-01
8.459985852241516113e-01
8.096490502357482910e-01
5.943498611450195312e-01
6.902800202369689941e-01
5.927514433860778809e-01
7.182881236076354980e-01
5.762463212013244629e-01
6.468099951744079590e-01
5.706545710563659668e-01
8.335706591606140137e-01
6.922016143798828125e-01
6.953066587448120117e-01
5.446084141731262207e-01
7.503135204315185547e-01
8.126459121704101562e-01
7.212696671485900879e-01
6.702170968055725098e-01
7.137532234191894531e-01
7.001048922538757324e-01
6.214762330055236816e-01
6.178926825523376465e-01
6.895182132720947266e-01
6.196634769439697266e-01
6.963932514190673828e-01
7.078093290328979492e-01
5.386244654655456543e-01
7.130384445190429688e-01
6.623228788375854492e-01
5.795984864234924316e-01
7.585761547088623047e-01
5.952939987182617188e-01
6.422039866447448730e-01
6.261129975318908691e-01
6.095525622367858887e-01
6.929767131805419922e-01
7.474144697189331055e-01
5.583941936492919922e-01
6.308257579803466797e-01
7.036493420600891113e-01
6.459855437278747559e-01
8.053129315376281738e-01
6.165922284126281738e-01
6.005613803863525391e-01
6.505060195922851562e-01
7.523043155670166016e-01
6.980490684509277344e-01
6.156858801841735840e-01
6.989985704421997070e-01
6.145001053810119629e-01
6.046997308731079102e-01
6.858383417129516602e-01
6.165769696235656738e-01
8.213077783584594727e-01
8.478960394859313965e-01
5.676147937774658203e-01
7.599663138389587402e-01
7.624297738075256348e-01
6.382686495780944824e-01
6.249953508377075195e-01
6.140865087509155273e-01
6.991108655929565430e-01
5.576947331428527832e-01
6.295483708381652832e-01
6.209477782249450684e-01
6.267468333244323730e-01
6.379910111427307129e-01
5.867395997047424316e-01
6.165663003921508789e-01
6.522234082221984863e-01
6.628271341323852539e-01
6.061668395996093750e-01
6.163827776908874512e-01
6.460118293762207031e-01
5.792104601860046387e-01
6.241140365600585938e-01
7.777246236801147461e-01
7.981689572334289551e-01
5.639983415603637695e-01
5.831194519996643066e-01
7.047238945960998535e-01
7.602493762969970703e-01
7.877722978591918945e-01
7.107591629028320312e-01
5.508598089218139648e-01
5.334522724151611328e-01
6.665850877761840820e-01
6.477089524269104004e-01
5.736885070800781250e-01
6.754955053329467773e-01
8.406918048858642578e-01
7.586690783500671387e-01
5.589790344238281250e-01
6.233801245689392090e-01
6.445053219795227051e-01
6.088278889656066895e-01
8.057550191879272461e-01
5.938693881034851074e-01
6.982570290565490723e-01
7.559682726860046387e-01
5.847653150558471680e-01
6.204412579536437988e-01
7.625057697296142578e-01
7.190342545509338379e-01
8.083837628364562988e-01
6.301120519638061523e-01
6.553143262863159180e-01
7.015305161476135254e-01
8.344950675964355469e-01
8.514592051506042480e-01
6.325693130493164062e-01
5.587844252586364746e-01
6.812614798545837402e-01
7.488160729408264160e-01
6.889265775680541992e-01
6.755014657974243164e-01
6.639969348907470703e-01
7.158983349800109863e-01
7.103891968727111816e-01
6.113953590393066406e-01
6.732870936393737793e-01
5.641016960144042969e-01
6.284901499748229980e-01
6.521294116973876953e-01
6.911105513572692871e-01
6.255614757537841797e-01
5.874124169349670410e-01
6.630009412765502930e-01
6.469406485557556152e-01
7.340677976608276367e-01
6.972889900207519531e-01
5.735914707183837891e-01
7.200475335121154785e-01
6.437170505523681641e-01
6.832324862480163574e-01
6.569933295249938965e-01
5.364346504211425781e-01
7.050049304962158203e-01
5.827985405921936035e-01
5.074136257171630859e-01
6.324818134307861328e-01
7.474245429039001465e-01
5.840344429016113281e-01
6.245829463005065918e-01
6.066660881042480469e-01
6.169590353965759277e-01
6.584655046463012695e-01
5.892744660377502441e-01
6.019939184188842773e-01
5.653893351554870605e-01
5.798190832138061523e-01
6.271563172340393066e-01
6.259130835533142090e-01
6.503947377204895020e-01
5.820504426956176758e-01
6.624687910079956055e-01
5.025136470794677734e-01
7.480179667472839355e-01
6.451462507247924805e-01
5.352500677108764648e-01
6.083621978759765625e-01
6.543874740600585938e-01
7.156813144683837891e-01
6.508404612541198730e-01
5.353294014930725098e-01
6.062220931053161621e-01
6.151905655860900879e-01
7.835841178894042969e-01
7.620246410369873047e-01
6.184301972389221191e-01
7.216185927391052246e-01
7.366673350334167480e-01
6.850672364234924316e-01
8.335753083229064941e-01
6.445869207382202148e-01
5.489000678062438965e-01
6.846114397048950195e-01
6.612576246261596680e-01
6.604059934616088867e-01
5.969915986061096191e-01
6.128426790237426758e-01
6.190041303634643555e-01
5.551589727401733398e-01
6.058420538902282715e-01
6.184434890747070312e-01
6.661714315414428711e-01
6.616786718368530273e-01
6.170004010200500488e-01
6.918085217475891113e-01
7.041866183280944824e-01
7.616674304008483887e-01
6.517298817634582520e-01
9.893489480018615723e-01
7.067741155624389648e-01
6.706951260566711426e-01
5.945463776588439941e-01
5.617884993553161621e-01
6.795989274978637695e-01
7.464848756790161133e-01
5.579856634140014648e-01
5.610932707786560059e-01
5.342419743537902832e-01
5.523319244384765625e-01
5.266087055206298828e-01
6.663922071456909180e-01
6.825292706489562988e-01
6.798520088195800781e-01
5.616127252578735352e-01
7.505490779876708984e-01
5.813195705413818359e-01
6.099615693092346191e-01
6.402020454406738281e-01
6.748869419097900391e-01
5.775663256645202637e-01
6.874403953552246094e-01
6.482643485069274902e-01
5.716082453727722168e-01
6.409387588500976562e-01
7.011998295783996582e-01
7.116008996963500977e-01
6.202867627143859863e-01
6.748262047767639160e-01
6.044430136680603027e-01
6.837589144706726074e-01
6.211494207382202148e-01
6.355622410774230957e-01
5.819689631462097168e-01
7.710503339767456055e-01
5.802850723266601562e-01
5.766395330429077148e-01
6.537662148475646973e-01
6.256915330886840820e-01
7.196451425552368164e-01
8.018318414688110352e-01
5.485462546348571777e-01
5.712366700172424316e-01
5.412227511405944824e-01
5.580909252166748047e-01
7.230942249298095703e-01
8.259020447731018066e-01
6.881123781204223633e-01
6.350936293601989746e-01
6.787002086639404297e-01
7.527956962585449219e-01
6.031879186630249023e-01
7.581380605697631836e-01
6.151594519615173340e-01
7.331889271736145020e-01
6.788246035575866699e-01
6.805962920188903809e-01
6.662140488624572754e-01
5.852741003036499023e-01
5.879239439964294434e-01
6.428612470626831055e-01
7.460852265357971191e-01
5.802708268165588379e-01
5.511841177940368652e-01
7.125533223152160645e-01
5.707351565361022949e-01
5.694543123245239258e-01
6.817122697830200195e-01
5.847598314285278320e-01
5.591931939125061035e-01
6.049884557723999023e-01
6.759974360466003418e-01
6.849756836891174316e-01
6.425687074661254883e-01
6.195143461227416992e-01
6.893723607063293457e-01
6.237727403640747070e-01
5.986087322235107422e-01
5.694075822830200195e-01
5.875681638717651367e-01
6.739091873168945312e-01
6.723425984382629395e-01
8.200436234474182129e-01
5.956275463104248047e-01
5.193788409233093262e-01
7.946779727935791016e-01
6.774648427963256836e-01
7.503075003623962402e-01
6.500053405761718750e-01
7.278372049331665039e-01
5.996164679527282715e-01
6.530041098594665527e-01
8.061020970344543457e-01
6.398671269416809082e-01
6.334466338157653809e-01
6.218813657760620117e-01
6.194947361946105957e-01
7.241680026054382324e-01
6.253293752670288086e-01
6.383318901062011719e-01
6.034120917320251465e-01
6.622694730758666992e-01
5.909039378166198730e-01
5.977546572685241699e-01
7.197892069816589355e-01
6.705992817878723145e-01
4.964237213134765625e-01
7.487887740135192871e-01
6.565630435943603516e-01
6.163285374641418457e-01
6.958075761795043945e-01
5.772861242294311523e-01
5.961566567420959473e-01
5.560300946235656738e-01
6.442077755928039551e-01
5.974804162979125977e-01
6.012885570526123047e-01
5.907196402549743652e-01
6.748138666152954102e-01
7.191363573074340820e-01
5.507476329803466797e-01
6.253941059112548828e-01
5.627490282058715820e-01
5.354283452033996582e-01
5.894685387611389160e-01
5.182090997695922852e-01
6.750058531761169434e-01
5.832891464233398438e-01
6.108940839767456055e-01
6.768573522567749023e-01
5.364269614219665527e-01
5.638837814331054688e-01
6.925498843193054199e-01
6.267497539520263672e-01
6.284004449844360352e-01
6.703429818153381348e-01
6.988110542297363281e-01
7.100089192390441895e-01
6.159239411354064941e-01
6.021355390548706055e-01
5.882203578948974609e-01
7.663522362709045410e-01
6.281026601791381836e-01
6.177654266357421875e-01
5.846171975135803223e-01
6.408502459526062012e-01
5.471889376640319824e-01
5.387030839920043945e-01
6.444925665855407715e-01
6.016674041748046875e-01
6.806204319000244141e-01
6.489970684051513672e-01
6.684346199035644531e-01
7.021507024765014648e-01
5.670183897018432617e-01
5.710509419441223145e-01
6.328287720680236816e-01
7.235565185546875000e-01
6.110610961914062500e-01
5.587083697319030762e-01
6.457970738410949707e-01
6.199252009391784668e-01
6.928294897079467773e-01
5.781187415122985840e-01
6.109532713890075684e-01
7.104634642601013184e-01
6.155233979225158691e-01
5.987616181373596191e-01
6.118964552879333496e-01
6.283784508705139160e-01
6.423474550247192383e-01
5.239452123641967773e-01
6.137462854385375977e-01
5.738254785537719727e-01
5.739812850952148438e-01
5.737515687942504883e-01
7.447522282600402832e-01
6.672045588493347168e-01
7.005146145820617676e-01
5.432335734367370605e-01
6.928724050521850586e-01
5.926849246025085449e-01
6.631402373313903809e-01
5.988762378692626953e-01
5.678822398185729980e-01
6.399614214897155762e-01
5.455608963966369629e-01
6.056753396987915039e-01
5.795131325721740723e-01
6.187343001365661621e-01
7.392050027847290039e-01
4.888048768043518066e-01
5.789840221405029297e-01
6.986069083213806152e-01
5.813943147659301758e-01
6.032878160476684570e-01
6.742740869522094727e-01
5.600344538688659668e-01
7.405843138694763184e-01
5.748509168624877930e-01
6.248047351837158203e-01
6.502098441123962402e-01
5.100378394126892090e-01
5.430299043655395508e-01
7.113422751426696777e-01
5.931992530822753906e-01
7.159096002578735352e-01
5.717024803161621094e-01
5.956912636756896973e-01
5.611268281936645508e-01
6.206477284431457520e-01
6.602583527565002441e-01
5.651301145553588867e-01
5.044373869895935059e-01
5.598316192626953125e-01
4.956345260143280029e-01
6.492559313774108887e-01
6.242296099662780762e-01
6.008085608482360840e-01
4.961685240268707275e-01
5.315767526626586914e-01
5.375000834465026855e-01
5.347040295600891113e-01
6.318868994712829590e-01
5.481299757957458496e-01
5.310105085372924805e-01
6.515790224075317383e-01
5.723813176155090332e-01
5.740766525268554688e-01
6.252444386482238770e-01
6.595839262008666992e-01
6.635862588882446289e-01
6.004689931869506836e-01
5.540119409561157227e-01
7.227621674537658691e-01
5.439247488975524902e-01
6.072846055030822754e-01
5.221893787384033203e-01
5.574191808700561523e-01
6.563274860382080078e-01
5.725231170654296875e-01
4.786213040351867676e-01
5.814341902732849121e-01
5.427006483078002930e-01
5.457726716995239258e-01
5.960763096809387207e-01
6.397750377655029297e-01
6.213611960411071777e-01
5.720601677894592285e-01
7.566994428634643555e-01
5.726631879806518555e-01
6.021767258644104004e-01
4.721979498863220215e-01
6.112195849418640137e-01
5.980618000030517578e-01
6.679398417472839355e-01
5.868966579437255859e-01
5.451287627220153809e-01
5.261468887329101562e-01
5.628921985626220703e-01
6.660792827606201172e-01
6.078267097473144531e-01
5.805934071540832520e-01
5.614406466484069824e-01
7.903283834457397461e-01
7.478452324867248535e-01
6.352375149726867676e-01
6.916527748107910156e-01
6.187213063240051270e-01
6.311544179916381836e-01
5.545170307159423828e-01
5.702477097511291504e-01
7.117950916290283203e-01
6.333949565887451172e-01
5.215356945991516113e-01
5.571532845497131348e-01
6.121641993522644043e-01
6.618112325668334961e-01
5.346238613128662109e-01
7.231907844543457031e-01
6.305258870124816895e-01
5.086683630943298340e-01
5.110573768615722656e-01
5.411138534545898438e-01
6.341702938079833984e-01
5.852512121200561523e-01
7.338352799415588379e-01
6.475500464439392090e-01
4.840127527713775635e-01
5.860372185707092285e-01
5.523283481597900391e-01
5.757409930229187012e-01
6.363905668258666992e-01
9.910734295845031738e-01
6.993923187255859375e-01
5.753295421600341797e-01
5.796690583229064941e-01
5.062856078147888184e-01
5.911129117012023926e-01
6.824800968170166016e-01
5.593010783195495605e-01
5.958883166313171387e-01
6.864509582519531250e-01
5.475837588310241699e-01
5.279170870780944824e-01
5.998082160949707031e-01
5.261495113372802734e-01
6.491979956626892090e-01
6.419546604156494141e-01
5.674172043800354004e-01
6.603379249572753906e-01
5.398383140563964844e-01
5.565804243087768555e-01
7.072650790214538574e-01
6.807683706283569336e-01
7.455710768699645996e-01
5.687636137008666992e-01
5.527679324150085449e-01
5.845619440078735352e-01
5.687098503112792969e-01
4.892136454582214355e-01
5.456351637840270996e-01
6.459240317344665527e-01
5.553036332130432129e-01
6.182600259780883789e-01
6.157839894294738770e-01
5.585352778434753418e-01
4.759419262409210205e-01
5.824643969535827637e-01
5.827097296714782715e-01
5.771356821060180664e-01
5.260578393936157227e-01
5.472097992897033691e-01
6.998599767684936523e-01
6.913511753082275391e-01
5.363026857376098633e-01
6.941395401954650879e-01
5.465529561042785645e-01
5.534316301345825195e-01
4.946773648262023926e-01
5.909348130226135254e-01
6.197074055671691895e-01
5.821150541305541992e-01
6.424566507339477539e-01
5.709220767021179199e-01
6.023563146591186523e-01
6.891314387321472168e-01
5.828561186790466309e-01
5.811919569969177246e-01
5.730660557746887207e-01
5.140728950500488281e-01
6.150522828102111816e-01
5.840310454368591309e-01
5.549117922782897949e-01
6.104865074157714844e-01
5.278179645538330078e-01
4.990938603878021240e-01
5.511506199836730957e-01
6.030693054199218750e-01
7.901096343994140625e-01
5.743667483329772949e-01
6.365746259689331055e-01
6.315327286720275879e-01
5.837230682373046875e-01
5.916528701782226562e-01
5.687106251716613770e-01
6.115429997444152832e-01
5.613508820533752441e-01
8.646750450134277344e-01
5.358090400695800781e-01
6.967145204544067383e-01
6.230837106704711914e-01
5.201013684272766113e-01
5.855050086975097656e-01
6.514478325843811035e-01
5.927290320396423340e-01
5.482303500175476074e-01
5.506772398948669434e-01
5.216594338417053223e-01
5.979357957839965820e-01
5.170273780822753906e-01
5.327887535095214844e-01
6.290982961654663086e-01
6.368232369422912598e-01
4.727315902709960938e-01
5.300934314727783203e-01
5.215005874633789062e-01
5.834410190582275391e-01
6.648288965225219727e-01
6.317722797393798828e-01
4.922839999198913574e-01
5.475485920906066895e-01
6.424190402030944824e-01
7.326159477233886719e-01
4.871830940246582031e-01
5.646935701370239258e-01
6.286731362342834473e-01
5.547988414764404297e-01
4.935511052608489990e-01
8.030374646186828613e-01
5.089787244796752930e-01
4.761268198490142822e-01
5.287208557128906250e-01
5.316662788391113281e-01
5.522505044937133789e-01
6.641635298728942871e-01
5.374680161476135254e-01
4.965370595455169678e-01
4.994714260101318359e-01
6.803082227706909180e-01
6.235245466232299805e-01
5.308273434638977051e-01
6.068887710571289062e-01
6.539896726608276367e-01
4.978881180286407471e-01
5.830654501914978027e-01
5.752142667770385742e-01
5.577833056449890137e-01
6.015639305114746094e-01
5.558891296386718750e-01
5.795444846153259277e-01
5.598312020301818848e-01
6.770427823066711426e-01
7.231286168098449707e-01
5.086603164672851562e-01
5.575231313705444336e-01
6.267072558403015137e-01
5.404512286186218262e-01
7.013214826583862305e-01
5.591104030609130859e-01
5.387620329856872559e-01
5.737622380256652832e-01
5.200707316398620605e-01
6.405996680259704590e-01
6.636878848075866699e-01
5.918053388595581055e-01
5.287129282951354980e-01
5.609648227691650391e-01
5.719537734985351562e-01
5.893471240997314453e-01
6.949667930603027344e-01
5.535455942153930664e-01
6.423656940460205078e-01
6.881898641586303711e-01
6.452938318252563477e-01
5.248342156410217285e-01
5.719933509826660156e-01
5.248330235481262207e-01
6.517001390457153320e-01
6.712576746940612793e-01
5.123007893562316895e-01
5.193884968757629395e-01
4.777821600437164307e-01
5.944054722785949707e-01
6.039408445358276367e-01
5.801650881767272949e-01
5.534380674362182617e-01
4.689847528934478760e-01
6.388061642646789551e-01
6.662063002586364746e-01
5.273341536521911621e-01
5.801573991775512695e-01
5.610715746879577637e-01
5.525353550910949707e-01
5.492564439773559570e-01
5.313456058502197266e-01
5.648358464241027832e-01
5.489584803581237793e-01
5.317958593368530273e-01
5.190211534500122070e-01
6.286768317222595215e-01
4.915022253990173340e-01
5.439016222953796387e-01
6.167679429054260254e-01
5.174980163574218750e-01
5.503274798393249512e-01
5.971662998199462891e-01
5.040999650955200195e-01
5.372971296310424805e-01
5.744539499282836914e-01
4.666534662246704102e-01
5.533460974693298340e-01
5.192291736602783203e-01
5.165701508522033691e-01
6.344090700149536133e-01
5.828928351402282715e-01
5.231685638427734375e-01
5.163564682006835938e-01
6.008645892143249512e-01
6.453773975372314453e-01
5.906795263290405273e-01
5.615558624267578125e-01
6.282749772071838379e-01
5.553451776504516602e-01
5.459803938865661621e-01
5.123432874679565430e-01
5.772466659545898438e-01
7.407371997833251953e-01
5.579570531845092773e-01
5.995134711265563965e-01
5.186148285865783691e-01
5.466400384902954102e-01
5.120159387588500977e-01
6.942359805107116699e-01
5.991651415824890137e-01
5.590919256210327148e-01
6.301914453506469727e-01
6.057884693145751953e-01
5.665795803070068359e-01
5.402452945709228516e-01
6.000539660453796387e-01
6.035975813865661621e-01
5.398786067962646484e-01
5.359811782836914062e-01
5.672506690025329590e-01
4.837557077407836914e-01
5.148398876190185547e-01
5.429256558418273926e-01
5.411254763603210449e-01
5.596717596054077148e-01
5.952839851379394531e-01
5.131669640541076660e-01
7.057965993881225586e-01
6.750143170356750488e-01
7.159824967384338379e-01
5.132263302803039551e-01
5.881445407867431641e-01
5.263936519622802734e-01
4.686014354228973389e-01
6.638693213462829590e-01
5.910677909851074219e-01
6.137437820434570312e-01
5.291535258293151855e-01
6.149042248725891113e-01
5.179902911186218262e-01
4.926658570766448975e-01
4.537512958049774170e-01
4.955681264400482178e-01
5.168508291244506836e-01
4.817718863487243652e-01
5.967449545860290527e-01
7.578358650207519531e-01
6.295683979988098145e-01
6.165040731430053711e-01
6.320569515228271484e-01
6.747057437896728516e-01
5.692957639694213867e-01
5.406165122985839844e-01
4.475448429584503174e-01
6.142642498016357422e-01
6.086656451225280762e-01
6.720375418663024902e-01
5.406118035316467285e-01
5.086625218391418457e-01
6.449807882308959961e-01
5.382335186004638672e-01
6.039421558380126953e-01
5.891852974891662598e-01
5.449549555778503418e-01
5.836164951324462891e-01
5.020408630371093750e-01
7.962432503700256348e-01
4.919155538082122803e-01
6.302797198295593262e-01
5.879750847816467285e-01
5.604561567306518555e-01
5.496152043342590332e-01
5.278973579406738281e-01
4.624622166156768799e-01
5.581387281417846680e-01
5.965073704719543457e-01
5.482299923896789551e-01
6.291658282279968262e-01
5.256624221801757812e-01
5.355771780014038086e-01
5.801862478256225586e-01
5.064728856086730957e-01
6.056842207908630371e-01
5.228284001350402832e-01
6.650617718696594238e-01
5.298761725425720215e-01
6.958965063095092773e-01
6.198076605796813965e-01
6.007356047630310059e-01
6.069620847702026367e-01
6.008431911468505859e-01
4.854241609573364258e-01
7.219827175140380859e-01
5.811865925788879395e-01
5.420176386833190918e-01
5.674808025360107422e-01
5.029076933860778809e-01
5.152637958526611328e-01
5.365108847618103027e-01
5.142475366592407227e-01
6.282594799995422363e-01
5.349040031433105469e-01
5.434699654579162598e-01
5.148735642433166504e-01
5.919612646102905273e-01
5.453845262527465820e-01
5.371592640876770020e-01
4.941226840019226074e-01
5.537408590316772461e-01
5.125639438629150391e-01
6.647822856903076172e-01
5.476287007331848145e-01
4.698122143745422363e-01
6.416661143302917480e-01
4.805580079555511475e-01
5.857658386230468750e-01
5.275614261627197266e-01
5.934156179428100586e-01
5.425710082054138184e-01
5.514188408851623535e-01
6.546040177345275879e-01
6.356539130210876465e-01
5.516474843025207520e-01
5.454575419425964355e-01
6.811463832855224609e-01
5.679165124893188477e-01
5.712902545928955078e-01
5.024883747100830078e-01
6.284362077713012695e-01
6.270996928215026855e-01
6.063572168350219727e-01
5.397253036499023438e-01
6.369275450706481934e-01
5.029299259185791016e-01
5.855899453163146973e-01
5.710250139236450195e-01
5.807169079780578613e-01
6.219342947006225586e-01
5.446878671646118164e-01
5.660893321037292480e-01
4.497747719287872314e-01
4.755272567272186279e-01
5.162109136581420898e-01
1.410981893539428711e+00
4.676550328731536865e-01
4.721258282661437988e-01
6.095145940780639648e-01
7.693327069282531738e-01
5.450411438941955566e-01
5.431984066963195801e-01
5.384038090705871582e-01
6.181720495223999023e-01
6.650096178054809570e-01
6.811726093292236328e-01
6.952054500579833984e-01
4.799505770206451416e-01
7.053515911102294922e-01
6.579473614692687988e-01
5.093997716903686523e-01
5.926087498664855957e-01
5.962628126144409180e-01
5.921249985694885254e-01
6.329547166824340820e-01
4.637710452079772949e-01
6.492656469345092773e-01
6.217141747474670410e-01
5.445210933685302734e-01
5.568639636039733887e-01
5.485622882843017578e-01
5.306643843650817871e-01
5.173889994621276855e-01
7.504143118858337402e-01
4.666261076927185059e-01
6.288230419158935547e-01
5.886937975883483887e-01
4.905809760093688965e-01
5.528978109359741211e-01
4.734075963497161865e-01
4.931297004222869873e-01
5.223267674446105957e-01
4.838309586048126221e-01
4.686861932277679443e-01
5.900859832763671875e-01
5.583280324935913086e-01
6.577005982398986816e-01
6.832673549652099609e-01
5.682463645935058594e-01
5.178316831588745117e-01
4.958237409591674805e-01
5.463679432868957520e-01
5.750710368156433105e-01
5.528388023376464844e-01
5.770125985145568848e-01
5.978800058364868164e-01
4.930002391338348389e-01
6.199563145637512207e-01
5.193806290626525879e-01
6.251098513603210449e-01
4.857407808303833008e-01
6.338433623313903809e-01
5.423615574836730957e-01
4.799133241176605225e-01
5.264406800270080566e-01
5.850998163223266602e-01
5.010438561439514160e-01
5.487214922904968262e-01
4.694721102714538574e-01
6.253843903541564941e-01
4.599893987178802490e-01
5.599456429481506348e-01
5.145410895347595215e-01
5.420855879783630371e-01
5.714998841285705566e-01
5.647899508476257324e-01
4.779736101627349854e-01
4.557029306888580322e-01
5.525026917457580566e-01
6.200340390205383301e-01
6.252214312553405762e-01
6.405373811721801758e-01
5.532227754592895508e-01
6.434121131896972656e-01
5.624085068702697754e-01
4.864795804023742676e-01
5.438998937606811523e-01
6.858226060867309570e-01
5.276386141777038574e-01
7.219541668891906738e-01
6.247680783271789551e-01
5.368592739105224609e-01
5.105744600296020508e-01
5.366267561912536621e-01
6.247889995574951172e-01
5.295911431312561035e-01
5.935074090957641602e-01
6.404100060462951660e-01
5.881899595260620117e-01
4.907374978065490723e-01
5.326694250106811523e-01
5.944125056266784668e-01
5.910149812698364258e-01
6.041932106018066406e-01
5.444964170455932617e-01
5.053327679634094238e-01
6.246223449707031250e-01
4.522877931594848633e-01
6.928389072418212891e-01
9.323437809944152832e-01
5.427114367485046387e-01
6.045357584953308105e-01
6.020104289054870605e-01
6.247206926345825195e-01
5.497022271156311035e-01
4.819638431072235107e-01
4.899855852127075195e-01
5.321903228759765625e-01
5.246692895889282227e-01
5.818876624107360840e-01
5.774090290069580078e-01
6.307913064956665039e-01
4.830560386180877686e-01
4.670492410659790039e-01
5.380883216857910156e-01
6.063300967216491699e-01
5.002133369445800781e+00
7.740735411643981934e-01
1.447053432464599609e+00
1.397622346878051758e+00
1.275130033493041992e+00
9.867997169494628906e-01
1.113800406455993652e+00
7.324835062026977539e-01
6.366586089134216309e-01
6.104902029037475586e-01
8.398981690406799316e-01
7.340294718742370605e-01
7.088788747787475586e-01
8.036702871322631836e-01
9.360382556915283203e-01
7.592567205429077148e-01
8.960117101669311523e-01
6.651579141616821289e-01
7.926835417747497559e-01
7.113103866577148438e-01
6.121071577072143555e-01
7.232350707054138184e-01
8.916161060333251953e-01
6.629757881164550781e-01
5.643259882926940918e-01
6.875110268592834473e-01
6.169326305389404297e-01
5.907692313194274902e-01
6.208003759384155273e-01
5.928459763526916504e-01
7.056258916854858398e-01
5.593333840370178223e-01
6.699998974800109863e-01
6.550547480583190918e-01
5.691755414009094238e-01
5.299011468887329102e-01
7.937167286872863770e-01
5.950990915298461914e-01
5.788666009902954102e-01
5.288674235343933105e-01
6.243296265602111816e-01
6.709526181221008301e-01
6.791785955429077148e-01
5.445789694786071777e-01
5.280404090881347656e-01
5.079815983772277832e-01
5.680949687957763672e-01
5.626406669616699219e-01
6.149981021881103516e-01
4.522747397422790527e-01
4.912916719913482666e-01
5.063386559486389160e-01
5.928971767425537109e-01
4.874708652496337891e-01
6.158978343009948730e-01
5.139482021331787109e-01
5.319573283195495605e-01
5.575063824653625488e-01
5.997686982154846191e-01
5.222999453544616699e-01
5.411970019340515137e-01
4.798021912574768066e-01
6.049765348434448242e-01
6.241623163223266602e-01
5.428890585899353027e-01
5.362799763679504395e-01
4.835408627986907959e-01
5.041928291320800781e-01
5.009025335311889648e-01
5.113673806190490723e-01
6.610600948333740234e-01
5.372446775436401367e-01
6.314585208892822266e-01
5.165284276008605957e-01
5.016722083091735840e-01
5.372573733329772949e-01
5.658931732177734375e-01
5.920389294624328613e-01
5.121942162513732910e-01
4.951407909393310547e-01
4.775623679161071777e-01
5.960171222686767578e-01
5.276730656623840332e-01
5.502160191535949707e-01
5.526469349861145020e-01
5.963950753211975098e-01
5.667740702629089355e-01
5.100534558296203613e-01
4.985699653625488281e-01
5.305688381195068359e-01
5.439766645431518555e-01
4.809958636760711670e-01
4.565218687057495117e-01
5.797177553176879883e-01
5.296742320060729980e-01
6.594449281692504883e-01
5.576124191284179688e-01
5.901956558227539062e-01
5.968686342239379883e-01
6.013558506965637207e-01
6.702795028686523438e-01
5.586361289024353027e-01
6.541820764541625977e-01
4.794866144657135010e-01
5.693082213401794434e-01
5.658124685287475586e-01
5.463312864303588867e-01
4.873835146427154541e-01
5.185884237289428711e-01
5.660071372985839844e-01
5.450049042701721191e-01
5.616543292999267578e-01
6.109463572502136230e-01
5.581271648406982422e-01
6.383561491966247559e-01
5.036343336105346680e-01
5.838828086853027344e-01
6.243208646774291992e-01
5.260180234909057617e-01
5.447750091552734375e-01
6.080209612846374512e-01
5.963885188102722168e-01
5.938441753387451172e-01
5.836262702941894531e-01
6.236627697944641113e-01
6.932245492935180664e-01
7.116934061050415039e-01
8.164350390434265137e-01
5.124806165695190430e-01
5.528307557106018066e-01
4.928943216800689697e-01
6.018463969230651855e-01
5.725459456443786621e-01
5.329925417900085449e-01
8.685082793235778809e-01
4.961378276348114014e-01
6.293707489967346191e-01
6.532034277915954590e-01
5.145146846771240234e-01
6.105976700782775879e-01
5.811614394187927246e-01
6.436066627502441406e-01
4.869690239429473877e-01
4.680924415588378906e-01
5.771934986114501953e-01
6.117587685585021973e-01
4.865055680274963379e-01
5.056565403938293457e-01
5.301210880279541016e-01
5.726063847541809082e-01
7.581640481948852539e-01
7.513691186904907227e-01
5.558689832687377930e-01
4.824288487434387207e-01
5.294703245162963867e-01
4.865482747554779053e-01
5.340872406959533691e-01
4.362285137176513672e-01
6.142774820327758789e-01
5.873178243637084961e-01
4.617468118667602539e-01
5.412310361862182617e-01
4.616405069828033447e-01
4.664034545421600342e-01
5.840171575546264648e-01
5.253837704658508301e-01
4.877771735191345215e-01
4.886582791805267334e-01
4.486909806728363037e-01
4.613178074359893799e-01
5.305770039558410645e-01
4.800721108913421631e-01
5.973904728889465332e-01
5.518198013305664062e-01
5.304003357887268066e-01
5.734148025512695312e-01
5.367855429649353027e-01
6.120941042900085449e-01
5.915443897247314453e-01
5.775429606437683105e-01
5.127269625663757324e-01
6.919555068016052246e-01
5.491943359375000000e-01
6.195459365844726562e-01
5.045363903045654297e-01
5.161607861518859863e-01
5.178231596946716309e-01
4.656940698623657227e-01
5.515130758285522461e-01
5.465956926345825195e-01
5.543859601020812988e-01
4.856242239475250244e-01
4.764218926429748535e-01
6.166427731513977051e-01
6.224482655525207520e-01
5.733832120895385742e-01
4.563971161842346191e-01
5.173172950744628906e-01
6.320767998695373535e-01
5.901997089385986328e-01
5.822422504425048828e-01
6.064178347587585449e-01
4.871359467506408691e-01
5.953425765037536621e-01
5.436882972717285156e-01
6.609451174736022949e-01
5.531621575355529785e-01
5.344901680946350098e-01
4.451873600482940674e-01
5.059784054756164551e-01
5.637414455413818359e-01
4.558948576450347900e-01
4.994632601737976074e-01
5.965026021003723145e-01
5.171714425086975098e-01
4.821278452873229980e-01
6.037642955780029297e-01
5.708041787147521973e-01
5.533624291419982910e-01
5.581346154212951660e-01
4.708855152130126953e-01
5.395623445510864258e-01
5.223445296287536621e-01
5.612715482711791992e-01
6.123246550559997559e-01
5.767465829849243164e-01
6.163182854652404785e-01
5.850073099136352539e-01
4.642587900161743164e-01
4.842945933341979980e-01
5.968822240829467773e-01
5.726049542427062988e-01
4.483701884746551514e-01
5.910301208496093750e-01
6.216335296630859375e-01
5.556197166442871094e-01
4.937377274036407471e-01
5.676391720771789551e-01
5.194116830825805664e-01
6.268888711929321289e-01
6.012217402458190918e-01
5.294433236122131348e-01
5.718538761138916016e-01
4.605870842933654785e-01
5.182443261146545410e-01
6.618511080741882324e-01
5.908074975013732910e-01
5.234069228172302246e-01
5.407900810241699219e-01
4.477561712265014648e-01
1.025181770324707031e+00
6.189467310905456543e-01
5.031150579452514648e-01
5.749837756156921387e-01
6.137802600860595703e-01
7.210542559623718262e-01
4.986932277679443359e-01
5.702246427536010742e-01
4.913743436336517334e-01
5.846019983291625977e-01
4.324187338352203369e-01
6.075117588043212891e-01
5.621379613876342773e-01
6.974030733108520508e-01
7.476524114608764648e-01
4.992841184139251709e-01
5.663136839866638184e-01
5.490513443946838379e-01
5.743415951728820801e-01
5.058469176292419434e-01
5.212744474411010742e-01
5.606970787048339844e-01
5.882526040077209473e-01
5.501438379287719727e-01
5.293198823928833008e-01
6.187190413475036621e-01
5.858674645423889160e-01
4.968651533126831055e-01
6.423398852348327637e-01
4.840439260005950928e-01
6.034291982650756836e-01
6.165465116500854492e-01
5.153331160545349121e-01
6.302313208580017090e-01
5.284460783004760742e-01
5.531443357467651367e-01
5.074034333229064941e-01
5.127797126770019531e-01
5.372063517570495605e-01
5.348751544952392578e-01
4.281620383262634277e-01
5.732709765434265137e-01
5.823363065719604492e-01
5.640408992767333984e-01
5.447295308113098145e-01
5.436147451400756836e-01
6.378741264343261719e-01
5.234656929969787598e-01
5.240389108657836914e-01
5.960182547569274902e-01
5.837048292160034180e-01
5.295064449310302734e-01
5.793681144714355469e-01
4.868965446949005127e-01
6.666637659072875977e-01
4.665679335594177246e-01
4.600322246551513672e-01
4.822300374507904053e-01
5.706026554107666016e-01
5.119822025299072266e-01
5.747504234313964844e-01
4.900338053703308105e-01
5.339391827583312988e-01
6.247243881225585938e-01
6.171110272407531738e-01
5.923935174942016602e-01
7.204210162162780762e-01
4.987157881259918213e-01
5.559522509574890137e-01
6.256785392761230469e-01
5.723147988319396973e-01
4.962134063243865967e-01
5.030877590179443359e-01
5.531709790229797363e-01
5.210992097854614258e-01
5.059356689453125000e-01
6.800168156623840332e-01
4.625631272792816162e-01
4.728411436080932617e-01
4.744375348091125488e-01
5.581574440002441406e-01
4.886452853679656982e-01
5.216591358184814453e-01
5.616959929466247559e-01
5.154560804367065430e-01
5.776671171188354492e-01
5.792068243026733398e-01
5.206644535064697266e-01
5.267098546028137207e-01
4.485979974269866943e-01
5.329559445381164551e-01
6.000155806541442871e-01
4.908593297004699707e-01
5.354009866714477539e-01
6.563327312469482422e-01
5.464941263198852539e-01
5.126910805702209473e-01
6.041653752326965332e-01
6.644005179405212402e-01
7.416903972625732422e-01
5.479453206062316895e-01
5.866920351982116699e-01
5.087414383888244629e-01
5.178511738777160645e-01
5.110620856285095215e-01
4.881064295768737793e-01
6.325144171714782715e-01
5.571063756942749023e-01
5.010878443717956543e-01
5.384775996208190918e-01
5.256936550140380859e-01
4.860108494758605957e-01
5.623373389244079590e-01
5.549709200859069824e-01
5.414991378784179688e-01
5.892214775085449219e-01
5.192883014678955078e-01
6.021131277084350586e-01
5.244432687759399414e-01
6.273720264434814453e-01
6.002469658851623535e-01
5.142813324928283691e-01
5.152975320816040039e-01
5.485295653343200684e-01
5.121056437492370605e-01
6.315681934356689453e-01
5.618416666984558105e-01
5.455044507980346680e-01
5.594136118888854980e-01
4.906358122825622559e-01
5.773946046829223633e-01
5.266659259796142578e-01
5.339063405990600586e-01
4.818094074726104736e-01
5.628415346145629883e-01
6.791074872016906738e-01
5.570690035820007324e-01
5.332635045051574707e-01
5.442516207695007324e-01
4.935179054737091064e-01
5.211504697799682617e-01
5.322011709213256836e-01
5.777601599693298340e-01
4.704363048076629639e-01
6.250062584877014160e-01
5.323769450187683105e-01
6.285045146942138672e-01
6.015625000000000000e-01
4.758250415325164795e-01
5.143246054649353027e-01
4.788045883178710938e-01
5.312705636024475098e-01
5.510138869285583496e-01
5.615901947021484375e-01
4.992275238037109375e-01
5.972065329551696777e-01
5.846400856971740723e-01
6.138278245925903320e-01
5.691626071929931641e-01
6.099972128868103027e-01
4.970137476921081543e-01
5.837720036506652832e-01
6.659419536590576172e-01
5.548120737075805664e-01
5.052915215492248535e-01
5.524968504905700684e-01
5.156257748603820801e-01
5.149768590927124023e-01
4.659253656864166260e-01
4.671068191528320312e-01
5.244728326797485352e-01
5.164623856544494629e-01
5.577263236045837402e-01
5.492597222328186035e-01
4.825024008750915527e-01
6.116546392440795898e-01
5.610832571983337402e-01
5.008674263954162598e-01
5.738827586174011230e-01
4.628343284130096436e-01
5.447400212287902832e-01
5.654890537261962891e-01
5.570911169052124023e-01
6.068908572196960449e-01
4.960340261459350586e-01
4.614793062210083008e-01
5.676218271255493164e-01
5.308529138565063477e-01
5.357166528701782227e-01
4.282881617546081543e-01
6.842479705810546875e-01
5.736533999443054199e-01
5.878897905349731445e-01
5.043888092041015625e-01
5.955444574356079102e-01
5.094776749610900879e-01
4.792719781398773193e-01
5.269442796707153320e-01
5.340403318405151367e-01
5.448872447013854980e-01
5.617502927780151367e-01
5.307009816169738770e-01
5.996043682098388672e-01
5.275169610977172852e-01
5.475959777832031250e-01
7.145682573318481445e-01
4.688176810741424561e-01
4.748116135597229004e-01
6.067919731140136719e-01
5.037660002708435059e-01
6.312208771705627441e-01
4.299196004867553711e-01
5.334241390228271484e-01
6.459833979606628418e-01
4.801056087017059326e-01
4.999828338623046875e-01
5.565375685691833496e-01
5.880237817764282227e-01
6.240892410278320312e-01
5.124871730804443359e-01
6.341035366058349609e-01
6.528813838958740234e-01
5.418559908866882324e-01
5.564938187599182129e-01
5.144553184509277344e-01
5.772624611854553223e-01
6.523631215095520020e-01
5.074587464332580566e-01
4.984855055809020996e-01
5.200020670890808105e-01
5.550188422203063965e-01
4.473374187946319580e-01
5.826659202575683594e-01
5.496473312377929688e-01
4.802508950233459473e-01
5.242546200752258301e-01
4.941705167293548584e-01
4.748385548591613770e-01
5.108847022056579590e-01
6.729007959365844727e-01
4.863909482955932617e-01
5.794649124145507812e-01
5.443664193153381348e-01
5.427906513214111328e-01
7.616333961486816406e-01
5.167909860610961914e-01
5.155909061431884766e-01
4.958310127258300781e-01
4.724146425724029541e-01
5.554583668708801270e-01
6.842899918556213379e-01
5.272797346115112305e-01
5.587524771690368652e-01
5.172868967056274414e-01
8.442159295082092285e-01
6.388771533966064453e-01
5.811286568641662598e-01
6.366951465606689453e-01
5.951386690139770508e-01
5.465179681777954102e-01
4.636195003986358643e-01
5.644222497940063477e-01
5.364467501640319824e-01
4.909344017505645752e-01
4.782853424549102783e-01
4.674181044101715088e-01
5.479162931442260742e-01
5.491054654121398926e-01
4.555808603763580322e-01
4.736634492874145508e-01
5.959228277206420898e-01
6.358469724655151367e-01
4.845086038112640381e-01
5.512918829917907715e-01
4.943048954010009766e-01
5.371317267417907715e-01
5.962552428245544434e-01
5.121123790740966797e-01
4.939400851726531982e-01
6.144686341285705566e-01
6.504521965980529785e-01
6.583839654922485352e-01
5.700643062591552734e-01
5.443955063819885254e-01
6.165635585784912109e-01
5.088111758232116699e-01
5.663536190986633301e-01
5.402329564094543457e-01
5.048288702964782715e-01
4.854692816734313965e-01
4.846238791942596436e-01
4.883235394954681396e-01
5.623905658721923828e-01
5.303165316581726074e-01
5.960183739662170410e-01
5.393067598342895508e-01
4.620055854320526123e-01
4.886864721775054932e-01
5.363546013832092285e-01
4.595304727554321289e-01
7.218055129051208496e-01
5.900816917419433594e-01
6.160801053047180176e-01
5.123205780982971191e-01
4.882121384143829346e-01
5.262608528137207031e-01
5.487011075019836426e-01
5.290496349334716797e-01
5.027912259101867676e-01
6.143219470977783203e-01
5.043704509735107422e-01
4.963052868843078613e-01
5.947569012641906738e-01
6.084979772567749023e-01
5.807176828384399414e-01
6.079697012901306152e-01
5.724135041236877441e-01
5.836530327796936035e-01
4.608232676982879639e-01
4.965970218181610107e-01
4.961542785167694092e-01
4.899186789989471436e-01
5.413636565208435059e-01
6.323463916778564453e-01
5.256045460700988770e-01
4.751898646354675293e-01
6.399875879287719727e-01
6.015743017196655273e-01
4.815973639488220215e-01
6.354122161865234375e-01
4.481865167617797852e-01
6.091693043708801270e-01
5.509266257286071777e-01
4.991512298583984375e-01
6.071275472640991211e-01
5.152326822280883789e-01
4.778747260570526123e-01
5.405179262161254883e-01
6.100391745567321777e-01
4.750086963176727295e-01
5.375440120697021484e-01
5.071343183517456055e-01
5.071485042572021484e-01
5.263117551803588867e-01
5.258502960205078125e-01
5.107946991920471191e-01
5.622895359992980957e-01
4.794149994850158691e-01
5.232810974121093750e-01
5.030180811882019043e-01
7.035833001136779785e-01
6.232271194458007812e-01
5.370255112648010254e-01
5.421373844146728516e-01
5.773386955261230469e-01
5.312293767929077148e-01
5.008368492126464844e-01
5.253018140792846680e-01
4.846012592315673828e-01
4.766277670860290527e-01
5.620008707046508789e-01
4.935804903507232666e-01
4.526558816432952881e-01
7.517733573913574219e-01
5.810417532920837402e-01
5.263326764106750488e-01
5.649156570434570312e-01
5.748352408409118652e-01
4.738593399524688721e-01
4.949135780334472656e-01
4.875359535217285156e-01
5.676006674766540527e-01
5.066961050033569336e-01
5.292155742645263672e-01
5.920785069465637207e-01
5.854259729385375977e-01
4.582294225692749023e-01
6.006951332092285156e-01
5.578697919845581055e-01
4.725815653800964355e-01
4.394495487213134766e-01
6.171093583106994629e-01
4.877860248088836670e-01
5.245066285133361816e-01
4.789414405822753906e-01
5.872188210487365723e-01
6.282387375831604004e-01
5.833092927932739258e-01
5.888217687606811523e-01
5.925377607345581055e-01
5.239976048469543457e-01
4.608488082885742188e-01
5.781425237655639648e-01
5.116696953773498535e-01
5.359222292900085449e-01
5.158582329750061035e-01
5.662764310836791992e-01
5.607003569602966309e-01
5.023054480552673340e-01
5.690625905990600586e-01
4.853308498859405518e-01
5.501563549041748047e-01
4.948239326477050781e-01
4.899456799030303955e-01
5.531336665153503418e-01
4.949061870574951172e-01
4.870893657207489014e-01
5.231349468231201172e-01
4.896992444992065430e-01
4.636253714561462402e-01
5.553115606307983398e-01
5.348979234695434570e-01
6.371846795082092285e-01
5.611800551414489746e-01
5.144367814064025879e-01
5.212508440017700195e-01
5.895774960517883301e-01
6.887484788894653320e-01
6.631608605384826660e-01
5.514580011367797852e-01
5.953394770622253418e-01
5.357785820960998535e-01
5.698601603507995605e-01
4.658823907375335693e-01
4.779073894023895264e-01
5.958876609802246094e-01
6.652399897575378418e-01
4.771249592304229736e-01
5.527034997940063477e-01
4.848819971084594727e-01
4.844467043876647949e-01
4.983924627304077148e-01
4.541550278663635254e-01
4.514181911945343018e-01
4.821381866931915283e-01
5.776726007461547852e-01
6.550262570381164551e-01
6.495354175567626953e-01
4.992575943470001221e-01
5.549933910369873047e-01
5.263408422470092773e-01
5.215767621994018555e-01
6.015192866325378418e-01
6.079969406127929688e-01
5.543978810310363770e-01
5.410826802253723145e-01
5.578297376632690430e-01
5.149543285369873047e-01
4.764472246170043945e-01
5.210993289947509766e-01
5.168412923812866211e-01
5.613738894462585449e-01
