9.865235328674316406e+00
8.336853981018066406e+00
9.445838928222656250e+00
8.477703094482421875e+00
7.938008308410644531e+00
1.017260932922363281e+01
9.075969696044921875e+00
9.541200637817382812e+00
9.270769119262695312e+00
8.334999084472656250e+00
1.046471786499023438e+01
8.827644348144531250e+00
8.971309661865234375e+00
8.674657821655273438e+00
9.606675148010253906e+00
8.199575424194335938e+00
9.175979614257812500e+00
9.618206977844238281e+00
8.279798507690429688e+00
9.237671852111816406e+00
9.649881362915039062e+00
8.137881278991699219e+00
1.019271278381347656e+01
1.057112884521484375e+01
9.038591384887695312e+00
8.342900276184082031e+00
9.992238998413085938e+00
7.680240631103515625e+00
8.848770141601562500e+00
8.879925727844238281e+00
9.686948776245117188e+00
8.911986351013183594e+00
7.503798484802246094e+00
1.017475414276123047e+01
7.847283363342285156e+00
9.149465560913085938e+00
9.825191497802734375e+00
8.563728332519531250e+00
7.953139781951904297e+00
8.346116065979003906e+00
6.914903163909912109e+00
6.797596931457519531e+00
8.637304306030273438e+00
6.882649898529052734e+00
6.482120037078857422e+00
7.213347911834716797e+00
6.321556091308593750e+00
6.484467983245849609e+00
5.250645637512207031e+00
3.927887678146362305e+00
2.332335948944091797e+00
2.185441255569458008e+00
1.571460247039794922e+00
2.333128929138183594e+00
2.188447237014770508e+00
2.313485383987426758e+00
2.237390041351318359e+00
1.698922872543334961e+00
1.058028817176818848e+00
1.096288681030273438e+00
8.306946754455566406e-01
9.471176862716674805e-01
8.773219585418701172e-01
7.977062463760375977e-01
9.904296398162841797e-01
7.693927288055419922e-01
8.052693009376525879e-01
8.491445779800415039e-01
7.622101306915283203e-01
7.517572045326232910e-01
8.838763236999511719e-01
8.298196792602539062e-01
7.783868312835693359e-01
7.042933702468872070e-01
8.501874208450317383e-01
7.097952365875244141e-01
6.495465040206909180e-01
8.177540302276611328e-01
5.610114336013793945e-01
6.934459209442138672e-01
5.744937658309936523e-01
7.151211500167846680e-01
5.567887425422668457e-01
5.991212129592895508e-01
6.481828689575195312e-01
5.973086357116699219e-01
5.230211615562438965e-01
5.726568698883056641e-01
5.235457420349121094e-01
9.039670228958129883e-01
5.004409551620483398e-01
5.127243995666503906e-01
5.725222229957580566e-01
5.618287324905395508e-01
4.905269145965576172e-01
6.433236002922058105e-01
5.126831531524658203e-01
5.244325995445251465e-01
5.925277471542358398e-01
4.427605867385864258e-01
5.176030397415161133e-01
4.579551219940185547e-01
4.377346038818359375e-01
6.176512241363525391e-01
5.490654706954956055e-01
5.544494390487670898e-01
5.101125836372375488e-01
5.273216366767883301e-01
4.920675754547119141e-01
4.458334445953369141e-01
5.191450715065002441e-01
4.444478750228881836e-01
4.605756402015686035e-01
4.619259536266326904e-01
3.958057165145874023e-01
3.775834441184997559e-01
4.346661567687988281e-01
4.140285253524780273e-01
4.088273048400878906e-01
4.151878356933593750e-01
4.698797464370727539e-01
4.105046987533569336e-01
4.360808730125427246e-01
4.289743006229400635e-01
3.970527052879333496e-01
4.289042949676513672e-01
3.567340373992919922e-01
4.637526571750640869e-01
5.253772735595703125e-01
4.404524564743041992e-01
4.262885153293609619e-01
4.394328594207763672e-01
4.356923699378967285e-01
3.686746954917907715e-01
5.591812133789062500e-01
5.011271238327026367e-01
4.746962487697601318e-01
4.492865502834320068e-01
3.688973784446716309e-01
4.526769518852233887e-01
5.644487142562866211e-01
4.097341895103454590e-01
4.903455972671508789e-01
4.851228594779968262e-01
3.834437727928161621e-01
4.437656998634338379e-01
3.716450929641723633e-01
3.757097721099853516e-01
4.083706736564636230e-01
4.179897308349609375e-01
3.752774000167846680e-01
4.237282872200012207e-01
4.230708181858062744e-01
4.600749909877777100e-01
3.597731292247772217e-01
3.941864073276519775e-01
3.972792625427246094e-01
4.727443456649780273e-01
3.617368638515472412e-01
5.049012899398803711e-01
4.471740424633026123e-01
5.460472106933593750e-01
4.832402765750885010e-01
5.101134777069091797e-01
5.064656734466552734e-01
3.964991271495819092e-01
5.734040737152099609e-01
3.871319293975830078e-01
5.722147822380065918e-01
3.856235742568969727e-01
6.681677103042602539e-01
4.110237956047058105e-01
7.701453566551208496e-01
6.551744937896728516e-01
7.097140550613403320e-01
3.972041606903076172e-01
8.285609483718872070e-01
4.327303469181060791e-01
7.674727439880371094e-01
4.391712546348571777e-01
7.268397808074951172e-01
4.574425518512725830e-01
6.877326965332031250e-01
6.665769815444946289e-01
4.571300446987152100e-01
7.677636146545410156e-01
4.049253165721893311e-01
6.144738197326660156e-01
4.081927537918090820e-01
4.880981445312500000e-01
4.725479781627655029e-01
3.513329029083251953e-01
5.369167327880859375e-01
4.169898629188537598e-01
4.485421776771545410e-01
5.835866332054138184e-01
4.477605819702148438e-01
5.689675807952880859e-01
4.926734566688537598e-01
5.126293301582336426e-01
4.118194580078125000e-01
4.067110419273376465e-01
4.148569703102111816e-01
4.739484786987304688e-01
4.178643226623535156e-01
3.829669356346130371e-01
4.201904833316802979e-01
4.570326209068298340e-01
4.038050174713134766e-01
5.038891434669494629e-01
4.137887656688690186e-01
3.586770296096801758e-01
4.824918508529663086e-01
3.569201827049255371e-01
4.600176811218261719e-01
3.961290717124938965e-01
4.083776175975799561e-01
5.287121534347534180e-01
4.195198416709899902e-01
5.186817049980163574e-01
3.445466160774230957e-01
5.232382416725158691e-01
3.968533575534820557e-01
4.796025753021240234e-01
5.178152322769165039e-01
3.972579240798950195e-01
6.456641554832458496e-01
4.125992655754089355e-01
4.620457887649536133e-01
3.594554662704467773e-01
3.812664747238159180e-01
4.480410814285278320e-01
3.782351016998291016e-01
4.382657408714294434e-01
3.343157768249511719e-01
4.186031818389892578e-01
4.170132279396057129e-01
3.499645292758941650e-01
3.664108812808990479e-01
3.864981532096862793e-01
4.503234326839447021e-01
3.629438877105712891e-01
4.024327397346496582e-01
4.530496597290039062e-01
4.481090307235717773e-01
3.508130311965942383e-01
5.282849073410034180e-01
5.092518925666809082e-01
4.279137849807739258e-01
3.661027550697326660e-01
4.616031050682067871e-01
4.155072569847106934e-01
3.744373321533203125e-01
3.653770089149475098e-01
5.076868534088134766e-01
4.105567932128906250e-01
4.020342230796813965e-01
3.506946265697479248e-01
3.699079751968383789e-01
3.740286231040954590e-01
4.220961928367614746e-01
4.803540706634521484e-01
4.322324395179748535e-01
3.416280448436737061e-01
4.246822297573089600e-01
4.059602618217468262e-01
4.141219556331634521e-01
3.700054883956909180e-01
3.819840550422668457e-01
3.999145627021789551e-01
4.277775287628173828e-01
4.238846600055694580e-01
3.870546817779541016e-01
3.690218329429626465e-01
3.772234916687011719e-01
4.032737016677856445e-01
3.615859448909759521e-01
4.306910037994384766e-01
4.132410585880279541e-01
3.486085534095764160e-01
3.883935213088989258e-01
3.728180527687072754e-01
3.852193355560302734e-01
4.121262729167938232e-01
4.448250532150268555e-01
4.186768233776092529e-01
4.185311198234558105e-01
4.051426947116851807e-01
4.534410238265991211e-01
3.749169111251831055e-01
5.805856585502624512e-01
3.780567049980163574e-01
4.552446007728576660e-01
3.962335586547851562e-01
4.856175780296325684e-01
4.571086168289184570e-01
5.249025225639343262e-01
4.547499716281890869e-01
4.207286238670349121e-01
4.096283912658691406e-01
4.087794423103332520e-01
3.845938444137573242e-01
4.248988628387451172e-01
3.537440896034240723e-01
3.793748617172241211e-01
4.873394966125488281e-01
3.787320852279663086e-01
4.009361863136291504e-01
3.547841906547546387e-01
4.099197387695312500e-01
3.484968543052673340e-01
3.920403718948364258e-01
4.383105635643005371e-01
3.992466628551483154e-01
4.051022529602050781e-01
4.227923750877380371e-01
4.079256653785705566e-01
4.015489816665649414e-01
4.188905954360961914e-01
4.674415290355682373e-01
3.586866557598114014e-01
4.716197252273559570e-01
4.135069251060485840e-01
4.485720694065093994e-01
3.679183125495910645e-01
3.532187938690185547e-01
4.751921892166137695e-01
4.321480989456176758e-01
3.425527811050415039e-01
3.830727338790893555e-01
4.025723934173583984e-01
3.528912067413330078e-01
3.916323781013488770e-01
3.900842070579528809e-01
3.328032791614532471e-01
4.318484067916870117e-01
3.553443551063537598e-01
3.520929515361785889e-01
3.929187059402465820e-01
4.137073159217834473e-01
3.871610760688781738e-01
3.648992180824279785e-01
4.057540893554687500e-01
4.110283255577087402e-01
3.687806129455566406e-01
3.671909272670745850e-01
3.407349586486816406e-01
3.962695896625518799e-01
4.104416966438293457e-01
3.368144035339355469e-01
3.839997053146362305e-01
3.753236830234527588e-01
3.865751028060913086e-01
3.599161505699157715e-01
4.318176507949829102e-01
3.722720146179199219e-01
4.035515487194061279e-01
3.559195995330810547e-01
4.593949317932128906e-01
2.875162363052368164e-01
3.827651143074035645e-01
4.130034446716308594e-01
4.171748757362365723e-01
3.484997153282165527e-01
3.582817018032073975e-01
3.537116646766662598e-01
4.142897725105285645e-01
3.958115279674530029e-01
3.710693120956420898e-01
3.399643301963806152e-01
4.039918184280395508e-01
3.277820050716400146e-01
3.678646087646484375e-01
3.199368715286254883e-01
3.946416378021240234e-01
3.512123227119445801e-01
4.632281661033630371e-01
4.076792001724243164e-01
4.617959558963775635e-01
3.521541059017181396e-01
4.509425163269042969e-01
3.554189205169677734e-01
3.438720107078552246e-01
4.187941849231719971e-01
3.757784366607666016e-01
3.312768340110778809e-01
3.283188939094543457e-01
5.159384012222290039e-01
3.906162977218627930e-01
3.726941645145416260e-01
4.068282842636108398e-01
3.702808916568756104e-01
3.634470403194427490e-01
3.701683580875396729e-01
3.292810320854187012e-01
2.958912849426269531e-01
3.706140518188476562e-01
3.623189330101013184e-01
3.632180690765380859e-01
3.348551988601684570e-01
3.685582280158996582e-01
3.943789005279541016e-01
3.734361827373504639e-01
3.464791178703308105e-01
3.605962991714477539e-01
3.221570253372192383e-01
3.518602252006530762e-01
3.689424991607666016e-01
3.157952427864074707e-01
4.041526913642883301e-01
4.302847683429718018e-01
3.370581269264221191e-01
3.658500015735626221e-01
3.852078914642333984e-01
3.427182435989379883e-01
3.373691439628601074e-01
3.907243609428405762e-01
3.278191685676574707e-01
4.240786433219909668e-01
3.911755681037902832e-01
3.527504205703735352e-01
3.015261590480804443e-01
3.738793730735778809e-01
3.548086881637573242e-01
3.687847852706909180e-01
3.245446383953094482e-01
3.583795428276062012e-01
3.259758055210113525e-01
3.686116933822631836e-01
3.194103837013244629e-01
3.809273242950439453e-01
3.327830433845520020e-01
3.638022840023040771e-01
3.180447518825531006e-01
3.874758481979370117e-01
3.507861793041229248e-01
4.060163497924804688e-01
3.636741936206817627e-01
4.657962024211883545e-01
3.379226028919219971e-01
3.826646208763122559e-01
3.436113595962524414e-01
3.425093889236450195e-01
3.261763453483581543e-01
3.936943709850311279e-01
3.203819394111633301e-01
3.013041019439697266e-01
3.690132498741149902e-01
3.093328475952148438e-01
3.816553354263305664e-01
3.223294019699096680e-01
3.533026278018951416e-01
3.471905887126922607e-01
3.348250687122344971e-01
3.783443272113800049e-01
3.884249329566955566e-01
3.207117021083831787e-01
2.950465381145477295e-01
3.465299308300018311e-01
3.089073300361633301e-01
3.399372100830078125e-01
3.470491170883178711e-01
4.001684784889221191e-01
3.150486350059509277e-01
6.084314584732055664e-01
3.936533629894256592e-01
3.251238465309143066e-01
3.237557709217071533e-01
4.218367040157318115e-01
3.353571295738220215e-01
3.615476191043853760e-01
3.264306485652923584e-01
4.287557005882263184e-01
3.674625456333160400e-01
4.560484588146209717e-01
3.003065586090087891e-01
4.520003497600555420e-01
3.143178820610046387e-01
4.593053460121154785e-01
2.919706702232360840e-01
5.461545586585998535e-01
2.911388278007507324e-01
4.686229825019836426e-01
3.381344079971313477e-01
3.156626224517822266e-01
3.075866401195526123e-01
3.392047882080078125e-01
3.612121939659118652e-01
3.015145063400268555e-01
3.453232645988464355e-01
3.166929483413696289e-01
4.463472366333007812e-01
3.280132412910461426e-01
4.808367490768432617e-01
3.252785205841064453e-01
5.173314809799194336e-01
3.309821486473083496e-01
4.895009994506835938e-01
3.708674311637878418e-01
5.275121331214904785e-01
3.222750425338745117e-01
4.201468825340270996e-01
3.505924940109252930e-01
3.270345926284790039e-01
4.329020082950592041e-01
3.290425240993499756e-01
3.290216326713562012e-01
3.256391286849975586e-01
3.635495901107788086e-01
3.747670352458953857e-01
3.391503095626831055e-01
3.781899809837341309e-01
3.436359465122222900e-01
3.327482938766479492e-01
3.069147467613220215e-01
3.002959489822387695e-01
2.925958931446075439e-01
2.940778732299804688e-01
3.186429142951965332e-01
3.204260468482971191e-01
2.841325998306274414e-01
2.816200554370880127e-01
2.838921248912811279e-01
3.242305517196655273e-01
3.274685740470886230e-01
3.042145371437072754e-01
2.757862806320190430e-01
3.081967830657958984e-01
2.869224548339843750e-01
3.160276412963867188e-01
3.375471234321594238e-01
3.225698471069335938e-01
3.018482923507690430e-01
3.381335139274597168e-01
3.432081341743469238e-01
3.581001758575439453e-01
4.352965354919433594e-01
3.014522194862365723e-01
3.290610015392303467e-01
3.281123042106628418e-01
3.180146515369415283e-01
2.823502123355865479e-01
3.104263544082641602e-01
2.773582637310028076e-01
3.060787022113800049e-01
3.542534410953521729e-01
3.237861394882202148e-01
2.873542308807373047e-01
3.592211008071899414e-01
3.029915988445281982e-01
2.793430387973785400e-01
2.933589816093444824e-01
3.246817588806152344e-01
3.224406838417053223e-01
2.964010238647460938e-01
2.978851199150085449e-01
2.964359223842620850e-01
3.186361193656921387e-01
2.908083498477935791e-01
3.232230246067047119e-01
3.267784714698791504e-01
3.124728798866271973e-01
3.010815083980560303e-01
3.111004829406738281e-01
2.941662669181823730e-01
2.801234424114227295e-01
3.080886006355285645e-01
3.263520002365112305e-01
3.011095523834228516e-01
3.311480283737182617e-01
2.927148938179016113e-01
2.707934975624084473e-01
2.993863224983215332e-01
3.469690084457397461e-01
3.031809926033020020e-01
3.098444342613220215e-01
3.810815811157226562e-01
3.094811737537384033e-01
3.119632601737976074e-01
3.114121258258819580e-01
2.888672947883605957e-01
2.710314393043518066e-01
2.930041551589965820e-01
3.213325142860412598e-01
2.921267151832580566e-01
3.190782070159912109e-01
3.474294543266296387e-01
2.688826918601989746e-01
3.555831909179687500e-01
2.935280203819274902e-01
3.452536463737487793e-01
3.216990828514099121e-01
3.245389759540557861e-01
3.133007884025573730e-01
2.811150550842285156e-01
3.256188929080963135e-01
3.036364614963531494e-01
2.988053858280181885e-01
3.032335638999938965e-01
3.421226441860198975e-01
3.500376343727111816e-01
4.189181327819824219e-01
2.674630284309387207e-01
4.541350901126861572e-01
2.926542758941650391e-01
3.824276924133300781e-01
2.872045934200286865e-01
2.774777114391326904e-01
2.752415537834167480e-01
4.079158902168273926e-01
2.610130310058593750e-01
3.035264015197753906e-01
2.514816820621490479e-01
2.743558287620544434e-01
2.899844348430633545e-01
2.992267906665802002e-01
2.995484173297882080e-01
2.891579270362854004e-01
2.959122359752655029e-01
3.045092225074768066e-01
2.598681449890136719e-01
2.921025753021240234e-01
2.668878734111785889e-01
2.886008620262145996e-01
2.615872025489807129e-01
2.768083810806274414e-01
2.507437765598297119e-01
2.841110229492187500e-01
2.607505619525909424e-01
3.519870042800903320e-01
2.435238957405090332e-01
2.568194568157196045e-01
2.968451976776123047e-01
2.585694193840026855e-01
3.011510670185089111e-01
4.230959117412567139e-01
2.850283086299896240e-01
2.993041872978210449e-01
2.854102253913879395e-01
2.862002253532409668e-01
3.349481225013732910e-01
2.478074133396148682e-01
2.792946398258209229e-01
2.384784370660781860e-01
2.910436987876892090e-01
2.209224104881286621e-01
2.752328813076019287e-01
2.539391517639160156e-01
2.331837415695190430e-01
2.492781281471252441e-01
2.450385987758636475e-01
2.787417471408843994e-01
2.326044142246246338e-01
2.661853730678558350e-01
2.397712171077728271e-01
2.425946891307830811e-01
2.818259596824645996e-01
2.422445416450500488e-01
2.506976425647735596e-01
2.631806731224060059e-01
2.211489975452423096e-01
2.932003736495971680e-01
3.167538046836853027e-01
2.252225577831268311e-01
2.878304123878479004e-01
2.084579616785049438e-01
2.811003327369689941e-01
2.314426898956298828e-01
2.498495876789093018e-01
3.089205026626586914e-01
2.067786157131195068e-01
3.221931755542755127e-01
3.274078667163848877e-01
2.727211117744445801e-01
4.487968683242797852e-01
2.345059514045715332e-01
3.021042346954345703e-01
2.348649799823760986e-01
3.471310138702392578e-01
2.426162511110305786e-01
4.243248403072357178e-01
2.521161735057830811e-01
2.789418101310729980e-01
3.207871615886688232e-01
2.132399082183837891e-01
3.015978038311004639e-01
2.069882452487945557e-01
3.109205067157745361e-01
2.109603136777877808e-01
2.557972669601440430e-01
2.027591466903686523e-01
2.582264840602874756e-01
1.983159184455871582e-01
2.373986840248107910e-01
1.938642710447311401e-01
2.153896987438201904e-01
1.971304714679718018e-01
2.483126521110534668e-01
2.142828553915023804e-01
2.531142830848693848e-01
2.079734504222869873e-01
1.786300241947174072e-01
2.210676819086074829e-01
1.972299814224243164e-01
2.225012034177780151e-01
2.090875357389450073e-01
1.994820982217788696e-01
1.926863193511962891e-01
2.008431255817413330e-01
1.893122494220733643e-01
1.778589487075805664e-01
2.005302459001541138e-01
1.833218783140182495e-01
2.153633534908294678e-01
2.139973342418670654e-01
1.620954722166061401e-01
1.825312823057174683e-01
1.843227148056030273e-01
1.737090945243835449e-01
1.855311989784240723e-01
1.695073544979095459e-01
1.831075400114059448e-01
1.665669977664947510e-01
2.360307574272155762e-01
1.965205669403076172e-01
1.765084862709045410e-01
1.724940240383148193e-01
1.678443551063537598e-01
1.749568879604339600e-01
1.671602129936218262e-01
2.024853229522705078e-01
2.057100385427474976e-01
1.899279654026031494e-01
1.760528385639190674e-01
1.960222125053405762e-01
1.833084076642990112e-01
1.537005007266998291e-01
1.752178072929382324e-01
1.593686044216156006e-01
1.821097433567047119e-01
1.876119375228881836e-01
1.670448631048202515e-01
1.640154421329498291e-01
1.537198722362518311e-01
1.700098514556884766e-01
1.789550483226776123e-01
1.902042329311370850e-01
1.474424600601196289e-01
1.822406202554702759e-01
1.546909809112548828e-01
1.735993921756744385e-01
1.780065596103668213e-01
1.602909564971923828e-01
1.846347153186798096e-01
1.723073571920394897e-01
1.877809762954711914e-01
1.823279559612274170e-01
1.762947440147399902e-01
1.624742150306701660e-01
1.648048758506774902e-01
1.823425889015197754e-01
1.592106968164443970e-01
1.584547758102416992e-01
1.645918786525726318e-01
1.697539985179901123e-01
1.624929904937744141e-01
1.562753617763519287e-01
1.722883284091949463e-01
1.891028583049774170e-01
1.585628539323806763e-01
1.556985676288604736e-01
1.682621836662292480e-01
1.855679154396057129e-01
1.689863204956054688e-01
1.658435463905334473e-01
2.029611915349960327e-01
1.847208738327026367e-01
1.838735342025756836e-01
1.964972317218780518e-01
1.604522168636322021e-01
1.765872240066528320e-01
1.667786836624145508e-01
1.438228487968444824e-01
1.656797826290130615e-01
1.601379811763763428e-01
1.590458452701568604e-01
1.714000999927520752e-01
1.524580270051956177e-01
1.753767132759094238e-01
1.744022220373153687e-01
1.488883942365646362e-01
1.711880713701248169e-01
1.659080386161804199e-01
1.747706085443496704e-01
1.898670792579650879e-01
1.763613224029541016e-01
1.811172366142272949e-01
1.688202917575836182e-01
1.543811112642288208e-01
1.624266207218170166e-01
1.907377243041992188e-01
1.874766647815704346e-01
2.022801637649536133e-01
1.829372495412826538e-01
2.010636329650878906e-01
1.532830446958541870e-01
2.071730494499206543e-01
2.331241518259048462e-01
1.736032068729400635e-01
2.509109377861022949e-01
2.231489568948745728e-01
1.888407170772552490e-01
3.183315992355346680e-01
2.236544042825698853e-01
2.026914358139038086e-01
3.536715209484100342e-01
1.958899796009063721e-01
2.936761379241943359e-01
2.526322007179260254e-01
2.417227774858474731e-01
2.330085039138793945e-01
2.458689212799072266e-01
3.345593512058258057e-01
1.617817580699920654e-01
2.608292698860168457e-01
1.641265451908111572e-01
2.475999891757965088e-01
1.978440582752227783e-01
1.898582428693771362e-01
1.770332306623458862e-01
1.709609031677246094e-01
2.060822546482086182e-01
1.496080160140991211e-01
2.114617824554443359e-01
1.588024348020553589e-01
1.818663477897644043e-01
1.727090775966644287e-01
1.658380925655364990e-01
2.240047156810760498e-01
1.570907235145568848e-01
2.282395958900451660e-01
1.710746884346008301e-01
1.838282644748687744e-01
1.728334426879882812e-01
2.073498815298080444e-01
1.748811453580856323e-01
1.946049779653549194e-01
1.979713141918182373e-01
1.637239158153533936e-01
1.762966215610504150e-01
1.573824733495712280e-01
2.264463603496551514e-01
1.612010002136230469e-01
1.753941476345062256e-01
1.658599823713302612e-01
2.494352459907531738e-01
1.513248682022094727e-01
1.813077330589294434e-01
1.470983922481536865e-01
1.557956933975219727e-01
1.550189554691314697e-01
1.499476730823516846e-01
1.657136380672454834e-01
1.528248190879821777e-01
1.495863795280456543e-01
1.470387279987335205e-01
1.604102104902267456e-01
1.993931233882904053e-01
1.526948809623718262e-01
1.569171547889709473e-01
1.571761369705200195e-01
1.515100896358489990e-01
1.525610983371734619e-01
1.442754268646240234e-01
1.738499999046325684e-01
1.403359770774841309e-01
1.523590534925460815e-01
1.496593654155731201e-01
1.535172462463378906e-01
1.721463501453399658e-01
2.082315832376480103e-01
1.814170032739639282e-01
1.519243121147155762e-01
1.685861945152282715e-01
1.657821536064147949e-01
1.696150749921798706e-01
1.544196009635925293e-01
1.615537703037261963e-01
1.540532857179641724e-01
1.421887278556823730e-01
1.684010028839111328e-01
1.389835774898529053e-01
1.546501517295837402e-01
1.582165658473968506e-01
1.718854010105133057e-01
1.538655608892440796e-01
1.712622344493865967e-01
1.645328402519226074e-01
1.602403521537780762e-01
1.581031084060668945e-01
1.388269215822219849e-01
1.454629302024841309e-01
1.695344150066375732e-01
1.753835529088973999e-01
1.547262966632843018e-01
1.480535566806793213e-01
1.506587266921997070e-01
1.471666395664215088e-01
1.479485034942626953e-01
1.330946683883666992e-01
1.308186948299407959e-01
1.324102580547332764e-01
1.499743610620498657e-01
1.440005898475646973e-01
1.444954425096511841e-01
2.112359702587127686e-01
1.409786045551300049e-01
1.374649256467819214e-01
1.593329459428787231e-01
1.354738473892211914e-01
1.270206868648529053e-01
1.487684100866317749e-01
1.506591439247131348e-01
1.300487071275711060e-01
1.394361704587936401e-01
1.372526139020919800e-01
1.512852609157562256e-01
1.840219795703887939e-01
1.488961130380630493e-01
1.345285624265670776e-01
1.700396537780761719e-01
1.448230147361755371e-01
1.418190002441406250e-01
1.378164589405059814e-01
1.502498984336853027e-01
1.437155902385711670e-01
1.516114473342895508e-01
1.214892864227294922e-01
1.330198496580123901e-01
1.486057937145233154e-01
1.542793661355972290e-01
1.731417328119277954e-01
1.521597653627395630e-01
1.543166488409042358e-01
2.002358287572860718e-01
1.463536918163299561e-01
1.577970534563064575e-01
1.674123555421829224e-01
1.284251362085342407e-01
1.667017340660095215e-01
1.551904082298278809e-01
1.384506821632385254e-01
1.407864242792129517e-01
1.368818581104278564e-01
1.522429883480072021e-01
1.470168232917785645e-01
1.381221562623977661e-01
1.363444924354553223e-01
1.420803815126419067e-01
1.287834346294403076e-01
1.324996054172515869e-01
1.201312690973281860e-01
1.439142078161239624e-01
1.495807468891143799e-01
1.248029619455337524e-01
1.588227003812789917e-01
1.404969245195388794e-01
1.268950104713439941e-01
1.299511194229125977e-01
1.289742290973663330e-01
1.418865025043487549e-01
1.445893198251724243e-01
1.399742662906646729e-01
1.397771835327148438e-01
1.240450516343116760e-01
1.439043581485748291e-01
1.784486025571823120e-01
1.364127695560455322e-01
1.300368607044219971e-01
1.477693319320678711e-01
1.264809519052505493e-01
1.397261917591094971e-01
1.486100405454635620e-01
1.332503557205200195e-01
1.418654024600982666e-01
1.614118218421936035e-01
1.321267485618591309e-01
1.370094120502471924e-01
1.320763230323791504e-01
1.623343378305435181e-01
1.398552954196929932e-01
1.275413334369659424e-01
1.529670804738998413e-01
1.219622641801834106e-01
1.633039861917495728e-01
1.479026973247528076e-01
1.400200724601745605e-01
1.221369430422782898e-01
1.202055066823959351e-01
1.477667540311813354e-01
