8.839294433593750000e+00
9.630922317504882812e+00
8.966200828552246094e+00
8.624714851379394531e+00
1.088329219818115234e+01
8.160196304321289062e+00
8.897197723388671875e+00
8.179451942443847656e+00
8.276852607727050781e+00
9.757151603698730469e+00
9.012383460998535156e+00
1.140899372100830078e+01
9.190035820007324219e+00
9.613551139831542969e+00
8.295213699340820312e+00
9.767985343933105469e+00
8.724672317504882812e+00
7.647415161132812500e+00
8.352724075317382812e+00
8.749858856201171875e+00
9.535524368286132812e+00
1.051309394836425781e+01
9.823497772216796875e+00
1.097275447845458984e+01
8.322240829467773438e+00
9.045873641967773438e+00
9.447908401489257812e+00
8.126441001892089844e+00
6.926945686340332031e+00
5.479019165039062500e+00
7.196662902832031250e+00
5.075521945953369141e+00
4.637758255004882812e+00
4.212795257568359375e+00
2.601834297180175781e+00
1.995975732803344727e+00
1.658118247985839844e+00
1.129124522209167480e+00
1.660710453987121582e+00
1.749505877494812012e+00
2.829506397247314453e+00
1.911169886589050293e+00
2.218788623809814453e+00
1.468096256256103516e+00
1.374233961105346680e+00
1.286753654479980469e+00
1.061754226684570312e+00
1.605202794075012207e+00
1.239212989807128906e+00
9.578078985214233398e-01
1.393769502639770508e+00
8.702772855758666992e-01
8.715637326240539551e-01
9.920264482498168945e-01
7.643134593963623047e-01
8.245481252670288086e-01
9.554975032806396484e-01
6.953393816947937012e-01
1.004179000854492188e+00
8.834800720214843750e-01
6.224744319915771484e-01
9.880402684211730957e-01
7.243826985359191895e-01
6.238395571708679199e-01
9.227399826049804688e-01
7.991032600402832031e-01
6.682149171829223633e-01
8.441711664199829102e-01
7.068030834197998047e-01
6.926504373550415039e-01
7.586278915405273438e-01
5.457924604415893555e-01
5.884110927581787109e-01
7.297590970993041992e-01
5.942463874816894531e-01
5.797708034515380859e-01
7.143164873123168945e-01
5.660421848297119141e-01
5.159505605697631836e-01
6.478581428527832031e-01
6.111081838607788086e-01
5.592733025550842285e-01
7.168142795562744141e-01
6.001112461090087891e-01
5.455803871154785156e-01
6.241576671600341797e-01
4.588431715965270996e-01
6.502740383148193359e-01
5.471928119659423828e-01
5.218798518180847168e-01
5.376463532447814941e-01
5.228000283241271973e-01
5.045315027236938477e-01
5.415266752243041992e-01
4.736928939819335938e-01
5.512074232101440430e-01
6.242011785507202148e-01
5.223532915115356445e-01
4.892355799674987793e-01
5.227643251419067383e-01
4.326696395874023438e-01
6.110003590583801270e-01
5.057473182678222656e-01
4.672478437423706055e-01
6.176943182945251465e-01
4.998501241207122803e-01
5.229897499084472656e-01
5.029891133308410645e-01
4.960382282733917236e-01
5.509167909622192383e-01
5.082781314849853516e-01
5.405542850494384766e-01
4.498642086982727051e-01
4.788544774055480957e-01
4.822718501091003418e-01
4.213071465492248535e-01
5.827693343162536621e-01
5.354069471359252930e-01
5.777438879013061523e-01
4.853085279464721680e-01
4.376112222671508789e-01
5.171219706535339355e-01
5.629683732986450195e-01
4.657139480113983154e-01
4.805518984794616699e-01
5.362954139709472656e-01
4.808599948883056641e-01
4.664869606494903564e-01
4.343382120132446289e-01
5.761114358901977539e-01
4.450884163379669189e-01
5.162198543548583984e-01
4.603927135467529297e-01
4.984273910522460938e-01
5.426847934722900391e-01
4.464287161827087402e-01
5.152145028114318848e-01
5.145692825317382812e-01
4.556803703308105469e-01
4.930228590965270996e-01
4.805282354354858398e-01
4.743211865425109863e-01
5.036321878433227539e-01
4.822815954685211182e-01
4.782599508762359619e-01
5.425107479095458984e-01
5.307445526123046875e-01
5.045546293258666992e-01
4.581024050712585449e-01
4.075859785079956055e-01
5.043553113937377930e-01
5.079752206802368164e-01
4.625813364982604980e-01
4.734236299991607666e-01
4.820251464843750000e-01
5.790022611618041992e-01
4.279508590698242188e-01
5.061169266700744629e-01
5.024492740631103516e-01
5.024494528770446777e-01
4.106789231300354004e-01
4.652849435806274414e-01
4.900252521038055420e-01
4.448446333408355713e-01
5.235492587089538574e-01
4.848152399063110352e-01
4.489024281501770020e-01
4.444054365158081055e-01
4.574207663536071777e-01
4.282328784465789795e-01
4.291325807571411133e-01
4.434413909912109375e-01
4.440833330154418945e-01
4.591889977455139160e-01
4.679047465324401855e-01
4.652991294860839844e-01
4.847430586814880371e-01
4.906947612762451172e-01
4.794825315475463867e-01
5.004528164863586426e-01
4.269574880599975586e-01
4.715211987495422363e-01
4.577908515930175781e-01
5.547390580177307129e-01
3.973056972026824951e-01
4.685008525848388672e-01
5.031306743621826172e-01
5.535386800765991211e-01
4.876209497451782227e-01
4.614353775978088379e-01
4.772906899452209473e-01
4.112449586391448975e-01
4.290969371795654297e-01
4.729334414005279541e-01
4.649705290794372559e-01
4.994044303894042969e-01
5.518882274627685547e-01
5.331184864044189453e-01
4.499245882034301758e-01
4.528699815273284912e-01
4.046627283096313477e-01
4.314659833908081055e-01
4.846717715263366699e-01
4.609560370445251465e-01
4.372133910655975342e-01
5.610327720642089844e-01
4.261807799339294434e-01
4.366445541381835938e-01
4.108363986015319824e-01
4.677862524986267090e-01
4.920545220375061035e-01
4.348587393760681152e-01
4.039728939533233643e-01
4.423790574073791504e-01
4.268716573715209961e-01
4.359765946865081787e-01
4.402380287647247314e-01
4.148084521293640137e-01
4.536176323890686035e-01
4.607773423194885254e-01
4.414678215980529785e-01
4.164155125617980957e-01
4.157575964927673340e-01
4.422999322414398193e-01
4.390252232551574707e-01
4.154920578002929688e-01
4.345740675926208496e-01
4.234445095062255859e-01
3.974802196025848389e-01
4.277760386466979980e-01
4.409090578556060791e-01
5.322923660278320312e-01
5.375689864158630371e-01
4.256519675254821777e-01
4.229893088340759277e-01
4.552301764488220215e-01
4.932815432548522949e-01
4.844558835029602051e-01
3.986868262290954590e-01
4.270672500133514404e-01
4.504088461399078369e-01
4.584948420524597168e-01
4.372830986976623535e-01
4.237865209579467773e-01
4.215757250785827637e-01
4.267862439155578613e-01
4.072441458702087402e-01
4.336549639701843262e-01
4.004033803939819336e-01
4.381169676780700684e-01
4.392244219779968262e-01
3.887279927730560303e-01
4.374535083770751953e-01
4.562022686004638672e-01
3.948684334754943848e-01
3.987409770488739014e-01
3.999833464622497559e-01
3.844535648822784424e-01
4.281457066535949707e-01
3.838533163070678711e-01
3.746015727519989014e-01
4.173681735992431641e-01
4.953389763832092285e-01
4.033890962600708008e-01
3.783259391784667969e-01
4.078634679317474365e-01
4.764746427536010742e-01
4.491907954216003418e-01
4.066361188888549805e-01
4.373262822628021240e-01
4.378973841667175293e-01
4.554944932460784912e-01
3.674523234367370605e-01
4.613161385059356689e-01
4.048874974250793457e-01
4.495295286178588867e-01
4.426378011703491211e-01
3.742412626743316650e-01
3.823578953742980957e-01
4.493381381034851074e-01
3.701944351196289062e-01
4.054170846939086914e-01
3.672487139701843262e-01
3.788262903690338135e-01
4.723100066184997559e-01
3.729158043861389160e-01
5.348365902900695801e-01
5.339519977569580078e-01
4.174447059631347656e-01
4.496182203292846680e-01
4.215823113918304443e-01
3.486915826797485352e-01
3.457830548286437988e-01
3.991718292236328125e-01
4.419173598289489746e-01
3.718591332435607910e-01
3.443989455699920654e-01
3.912827372550964355e-01
4.184222817420959473e-01
4.231533110141754150e-01
4.514716863632202148e-01
3.740552961826324463e-01
4.161614775657653809e-01
3.520624041557312012e-01
4.206765592098236084e-01
4.639416337013244629e-01
3.977838456630706787e-01
4.392428100109100342e-01
4.123118817806243896e-01
4.349253177642822266e-01
4.187365472316741943e-01
4.619987607002258301e-01
3.565216064453125000e-01
4.704104065895080566e-01
4.248627424240112305e-01
3.939843773841857910e-01
4.260707199573516846e-01
3.784635066986083984e-01
4.671368598937988281e-01
3.790144026279449463e-01
4.472157955169677734e-01
4.340037703514099121e-01
4.149219393730163574e-01
4.292800128459930420e-01
3.660087585449218750e-01
5.076342821121215820e-01
4.246866703033447266e-01
4.213928282260894775e-01
4.475633203983306885e-01
4.190835952758789062e-01
4.656910896301269531e-01
3.925848007202148438e-01
3.532266616821289062e-01
3.764549493789672852e-01
4.263480901718139648e-01
3.335385918617248535e-01
3.795093595981597900e-01
3.824430704116821289e-01
3.942552208900451660e-01
4.021995067596435547e-01
3.825569748878479004e-01
3.597251176834106445e-01
3.828412592411041260e-01
4.111995697021484375e-01
5.149426460266113281e-01
4.217895865440368652e-01
4.464170932769775391e-01
3.671287000179290771e-01
4.324764013290405273e-01
3.797067999839782715e-01
4.590476155281066895e-01
4.357104003429412842e-01
3.952648639678955078e-01
4.445054829120635986e-01
3.529248237609863281e-01
3.890156745910644531e-01
3.935347199440002441e-01
4.469419717788696289e-01
3.822553157806396484e-01
3.483207523822784424e-01
3.655312061309814453e-01
4.027702808380126953e-01
3.826339840888977051e-01
3.543378710746765137e-01
3.549348115921020508e-01
3.972081542015075684e-01
3.747584223747253418e-01
3.519292771816253662e-01
3.444530963897705078e-01
3.763936758041381836e-01
3.481802940368652344e-01
3.849119246006011963e-01
3.806452155113220215e-01
3.478094339370727539e-01
3.912864327430725098e-01
3.831596374511718750e-01
4.508194923400878906e-01
3.243919014930725098e-01
3.799026012420654297e-01
3.465767502784729004e-01
4.139239490032196045e-01
3.661007881164550781e-01
3.592879772186279297e-01
3.952316939830780029e-01
4.124136567115783691e-01
3.972186744213104248e-01
3.985517621040344238e-01
4.149199724197387695e-01
4.177685976028442383e-01
3.869442343711853027e-01
4.130643308162689209e-01
3.866951167583465576e-01
4.043144583702087402e-01
4.183515906333923340e-01
4.251293540000915527e-01
3.496464788913726807e-01
3.946419656276702881e-01
3.463064432144165039e-01
3.966741561889648438e-01
3.846477270126342773e-01
4.072767496109008789e-01
3.535326123237609863e-01
3.990988135337829590e-01
3.483752906322479248e-01
3.110736906528472900e-01
3.807611167430877686e-01
3.677980601787567139e-01
3.565193712711334229e-01
3.200480341911315918e-01
3.426226973533630371e-01
3.803086578845977783e-01
3.503635525703430176e-01
3.854077160358428955e-01
3.858298659324645996e-01
3.237503170967102051e-01
3.567324280738830566e-01
3.488429784774780273e-01
3.865435123443603516e-01
3.992220163345336914e-01
3.477953970432281494e-01
4.217411279678344727e-01
3.790386319160461426e-01
3.805798888206481934e-01
3.418342471122741699e-01
3.921655416488647461e-01
4.002320766448974609e-01
3.720968365669250488e-01
3.447502255439758301e-01
3.183831572532653809e-01
3.541203141212463379e-01
3.914298117160797119e-01
3.561736345291137695e-01
3.468965888023376465e-01
3.689546287059783936e-01
3.639608025550842285e-01
3.407405614852905273e-01
3.440106511116027832e-01
3.310444355010986328e-01
3.596038520336151123e-01
3.663393855094909668e-01
3.406892418861389160e-01
3.540895879268646240e-01
3.635918498039245605e-01
3.136568665504455566e-01
3.769845962524414062e-01
3.312851190567016602e-01
3.804101943969726562e-01
3.236058950424194336e-01
4.267008602619171143e-01
4.031202197074890137e-01
4.245021641254425049e-01
3.441807627677917480e-01
3.686695098876953125e-01
3.347831964492797852e-01
3.287943601608276367e-01
3.553123474121093750e-01
3.026970624923706055e-01
3.201103806495666504e-01
3.495792150497436523e-01
3.565562963485717773e-01
3.567853868007659912e-01
3.289824426174163818e-01
3.441754579544067383e-01
3.060434460639953613e-01
3.198470175266265869e-01
3.045085668563842773e-01
3.542131483554840088e-01
3.610338568687438965e-01
3.631037473678588867e-01
3.620960116386413574e-01
4.156109094619750977e-01
4.517116248607635498e-01
3.183305859565734863e-01
3.797326087951660156e-01
3.352609574794769287e-01
4.288339316844940186e-01
3.341264128684997559e-01
4.119262695312500000e-01
3.622792363166809082e-01
4.108914136886596680e-01
3.303837776184082031e-01
4.291296601295471191e-01
3.246772885322570801e-01
3.383808434009552002e-01
3.486808240413665771e-01
3.261331319808959961e-01
3.331230282783508301e-01
3.852001428604125977e-01
3.486967086791992188e-01
3.230443298816680908e-01
3.424638211727142334e-01
3.431717753410339355e-01
3.603138625621795654e-01
3.059539794921875000e-01
2.963647842407226562e-01
3.139116764068603516e-01
3.260486423969268799e-01
3.226768374443054199e-01
3.307590782642364502e-01
3.304039239883422852e-01
3.293309807777404785e-01
3.187966346740722656e-01
3.354656100273132324e-01
3.056004047393798828e-01
3.830038905143737793e-01
3.332287669181823730e-01
3.458125591278076172e-01
3.254092931747436523e-01
3.004268109798431396e-01
4.112794101238250732e-01
3.290432393550872803e-01
3.799960017204284668e-01
3.069086074829101562e-01
3.888608813285827637e-01
3.386203050613403320e-01
3.844230473041534424e-01
3.114871382713317871e-01
3.893417716026306152e-01
3.380405902862548828e-01
3.475941419601440430e-01
3.533122539520263672e-01
3.277267217636108398e-01
3.439137339591979980e-01
2.879115641117095947e-01
3.190174102783203125e-01
2.992371618747711182e-01
3.023542761802673340e-01
3.185985088348388672e-01
2.871568202972412109e-01
3.136136531829833984e-01
3.565846085548400879e-01
3.316961526870727539e-01
2.910403013229370117e-01
3.189601004123687744e-01
3.616486191749572754e-01
3.101110458374023438e-01
2.786406278610229492e-01
3.167949318885803223e-01
2.937859296798706055e-01
3.339017033576965332e-01
3.170769214630126953e-01
3.053242266178131104e-01
3.239463269710540771e-01
2.845136225223541260e-01
3.241632580757141113e-01
2.849333286285400391e-01
2.884229421615600586e-01
3.276708126068115234e-01
2.967306673526763916e-01
3.022974431514739990e-01
2.657718062400817871e-01
2.848196327686309814e-01
3.320972025394439697e-01
3.053584098815917969e-01
3.351802825927734375e-01
2.592743039131164551e-01
2.799601256847381592e-01
2.682500481605529785e-01
3.004781305789947510e-01
2.857686877250671387e-01
3.731591403484344482e-01
2.942148745059967041e-01
2.801406979560852051e-01
3.067175745964050293e-01
3.107391595840454102e-01
3.010786771774291992e-01
2.834948897361755371e-01
2.833393216133117676e-01
2.748403847217559814e-01
2.851066589355468750e-01
2.934969663619995117e-01
2.697636187076568604e-01
2.866404056549072266e-01
2.842164635658264160e-01
2.690528035163879395e-01
2.399311065673828125e-01
2.691351175308227539e-01
2.643824815750122070e-01
3.263273835182189941e-01
3.312469124794006348e-01
2.489842176437377930e-01
3.528029918670654297e-01
2.776955366134643555e-01
3.008304536342620850e-01
2.955815792083740234e-01
2.417147755622863770e-01
2.891439795494079590e-01
2.632157802581787109e-01
2.728961110115051270e-01
2.577435374259948730e-01
2.800099849700927734e-01
2.680725455284118652e-01
2.741741836071014404e-01
2.631428241729736328e-01
3.034301698207855225e-01
3.460232615470886230e-01
2.640299201011657715e-01
2.692128121852874756e-01
2.676784098148345947e-01
2.864393591880798340e-01
3.173989951610565186e-01
2.429289817810058594e-01
3.093773126602172852e-01
2.641273140907287598e-01
2.978487610816955566e-01
3.232809603214263916e-01
2.722078859806060791e-01
3.690730929374694824e-01
3.435620069503784180e-01
2.955525219440460205e-01
3.798421025276184082e-01
3.177693486213684082e-01
2.770795822143554688e-01
3.572226166725158691e-01
2.634662985801696777e-01
2.950146198272705078e-01
2.997151017189025879e-01
2.872902750968933105e-01
3.006594777107238770e-01
2.448272109031677246e-01
2.588674426078796387e-01
2.520028352737426758e-01
2.645148634910583496e-01
2.572110295295715332e-01
2.495021671056747437e-01
3.056520819664001465e-01
2.473133206367492676e-01
2.772427797317504883e-01
2.923190891742706299e-01
2.441551685333251953e-01
3.148881494998931885e-01
2.221557050943374634e-01
2.922507226467132568e-01
2.589270174503326416e-01
2.602791190147399902e-01
2.795016765594482422e-01
2.286911904811859131e-01
2.435105443000793457e-01
2.681037187576293945e-01
2.478979527950286865e-01
2.719932198524475098e-01
2.310088872909545898e-01
3.033726513385772705e-01
2.786410748958587646e-01
2.625319957733154297e-01
2.234317809343338013e-01
2.304394394159317017e-01
2.100847065448760986e-01
2.398290634155273438e-01
2.219202518463134766e-01
2.349373400211334229e-01
2.382156848907470703e-01
2.494749724864959717e-01
2.111996859312057495e-01
2.546795606613159180e-01
2.497916668653488159e-01
2.291042506694793701e-01
2.325953096151351929e-01
2.677142024040222168e-01
2.100498974323272705e-01
2.379225492477416992e-01
2.073323875665664673e-01
2.291879355907440186e-01
2.084857076406478882e-01
2.107453495264053345e-01
2.120480239391326904e-01
2.144060432910919189e-01
2.484126091003417969e-01
2.288665175437927246e-01
2.266776114702224731e-01
2.244751155376434326e-01
2.152194678783416748e-01
2.120000720024108887e-01
2.478273808956146240e-01
2.161559462547302246e-01
2.413266897201538086e-01
2.671963870525360107e-01
2.627154588699340820e-01
2.273395359516143799e-01
4.258999228477478027e-01
4.121544957160949707e-01
2.056036293506622314e-01
4.010740518569946289e-01
3.055732250213623047e-01
2.726666331291198730e-01
4.095863103866577148e-01
2.130064666271209717e-01
2.910585403442382812e-01
2.346094101667404175e-01
2.606516480445861816e-01
2.544805705547332764e-01
2.747243046760559082e-01
3.124365806579589844e-01
2.021680027246475220e-01
2.919224500656127930e-01
1.962786465883255005e-01
2.706562578678131104e-01
2.150691002607345581e-01
2.340100705623626709e-01
2.486777603626251221e-01
2.254914045333862305e-01
2.171777784824371338e-01
2.172843813896179199e-01
2.415460199117660522e-01
2.109597176313400269e-01
2.383019626140594482e-01
2.058967649936676025e-01
1.950875818729400635e-01
1.853530108928680420e-01
1.981376409530639648e-01
2.166801989078521729e-01
1.753513514995574951e-01
1.985131800174713135e-01
1.986623704433441162e-01
2.152757048606872559e-01
1.896304190158843994e-01
2.067641913890838623e-01
2.161729931831359863e-01
1.895776391029357910e-01
2.212224304676055908e-01
1.985223144292831421e-01
1.817576885223388672e-01
1.844964921474456787e-01
2.001137137413024902e-01
1.923736035823822021e-01
1.798526644706726074e-01
2.074943184852600098e-01
2.045947909355163574e-01
2.032305449247360229e-01
2.042010426521301270e-01
1.819436699151992798e-01
2.024920284748077393e-01
1.822918951511383057e-01
2.188094258308410645e-01
1.989264190196990967e-01
1.862040311098098755e-01
2.085171937942504883e-01
2.147813588380813599e-01
1.826550066471099854e-01
2.215720117092132568e-01
1.820839643478393555e-01
1.882176846265792847e-01
1.937362551689147949e-01
2.154329419136047363e-01
2.067475318908691406e-01
2.119099795818328857e-01
1.825372278690338135e-01
2.145863473415374756e-01
2.036504894495010376e-01
1.992181092500686646e-01
2.006129026412963867e-01
2.199417650699615479e-01
1.754013299942016602e-01
1.781513988971710205e-01
2.015204727649688721e-01
1.835577487945556641e-01
1.816763728857040405e-01
1.869775205850601196e-01
2.101315408945083618e-01
2.078489214181900024e-01
1.997334808111190796e-01
2.192208766937255859e-01
2.355460971593856812e-01
2.245225012302398682e-01
2.035785615444183350e-01
2.187203466892242432e-01
2.180089652538299561e-01
1.857023537158966064e-01
2.147471606731414795e-01
2.356262803077697754e-01
1.916247010231018066e-01
1.925647854804992676e-01
2.206765413284301758e-01
1.979410797357559204e-01
1.930596530437469482e-01
1.816512346267700195e-01
1.906500756740570068e-01
2.054339051246643066e-01
1.823082268238067627e-01
2.156081795692443848e-01
2.141671031713485718e-01
2.014664560556411743e-01
2.003792375326156616e-01
1.847094297409057617e-01
2.158281654119491577e-01
1.931981444358825684e-01
1.761340945959091187e-01
1.991036087274551392e-01
1.978117674589157104e-01
2.324798107147216797e-01
1.962684988975524902e-01
2.104319632053375244e-01
1.817759573459625244e-01
2.219167351722717285e-01
2.514477074146270752e-01
2.348838895559310913e-01
1.929292231798171997e-01
2.351427674293518066e-01
1.944663822650909424e-01
2.014565467834472656e-01
2.320654541254043579e-01
1.740303635597229004e-01
1.869873106479644775e-01
1.874772012233734131e-01
1.844150125980377197e-01
1.959548741579055786e-01
2.021557539701461792e-01
2.329821884632110596e-01
1.998934149742126465e-01
1.881625354290008545e-01
1.896825134754180908e-01
2.130017578601837158e-01
1.973384320735931396e-01
1.930427402257919312e-01
2.033599913120269775e-01
1.976934671401977539e-01
2.067949473857879639e-01
2.086924165487289429e-01
1.994213312864303589e-01
1.716295182704925537e-01
1.828957796096801758e-01
2.154499888420104980e-01
1.733354926109313965e-01
1.939138770103454590e-01
1.848549395799636841e-01
1.931932568550109863e-01
1.971187889575958252e-01
2.011821717023849487e-01
1.889895200729370117e-01
2.026545256376266479e-01
1.683747768402099609e-01
1.764717847108840942e-01
1.896742880344390869e-01
2.060418128967285156e-01
2.120294570922851562e-01
1.741953790187835693e-01
1.902700364589691162e-01
1.811997890472412109e-01
1.876985132694244385e-01
1.987539529800415039e-01
1.709284484386444092e-01
2.471093833446502686e-01
1.973175108432769775e-01
2.091732323169708252e-01
2.324296534061431885e-01
1.860349029302597046e-01
2.016133964061737061e-01
2.051639109849929810e-01
1.763182878494262695e-01
2.131652832031250000e-01
1.924925446510314941e-01
1.842271834611892700e-01
2.122828364372253418e-01
1.857900470495223999e-01
2.188110947608947754e-01
1.780338287353515625e-01
1.940124630928039551e-01
2.037249058485031128e-01
1.964080035686492920e-01
1.778527200222015381e-01
1.831175982952117920e-01
1.608564257621765137e-01
1.984199881553649902e-01
1.996089369058609009e-01
1.933210641145706177e-01
2.095843702554702759e-01
2.255895733833312988e-01
1.921028047800064087e-01
1.931025087833404541e-01
1.917910426855087280e-01
1.867220252752304077e-01
1.973179280757904053e-01
1.768601536750793457e-01
1.938889622688293457e-01
1.861939877271652222e-01
1.880669891834259033e-01
1.860559284687042236e-01
2.212111502885818481e-01
2.148005366325378418e-01
1.893565803766250610e-01
2.224508672952651978e-01
2.202186286449432373e-01
1.857739239931106567e-01
2.109978497028350830e-01
1.970138251781463623e-01
1.904226541519165039e-01
1.917957961559295654e-01
2.040879726409912109e-01
1.721691936254501343e-01
1.769026666879653931e-01
1.893746554851531982e-01
1.830909103155136108e-01
2.016912251710891724e-01
1.820225119590759277e-01
1.658957302570343018e-01
2.037914991378784180e-01
1.904114484786987305e-01
1.895906925201416016e-01
2.068493664264678955e-01
2.072423696517944336e-01
1.865497380495071411e-01
1.814932525157928467e-01
2.113383412361145020e-01
1.776956319808959961e-01
2.139358818531036377e-01
1.937292516231536865e-01
1.906055957078933716e-01
1.731178164482116699e-01
1.701542735099792480e-01
1.771447956562042236e-01
1.607592254877090454e-01
1.862072348594665527e-01
2.137717306613922119e-01
1.921039819717407227e-01
1.740243732929229736e-01
1.916745156049728394e-01
2.130375802516937256e-01
2.262210547924041748e-01
1.794242560863494873e-01
1.867381632328033447e-01
1.855653375387191772e-01
1.885138154029846191e-01
2.030273675918579102e-01
2.062605321407318115e-01
1.578451097011566162e-01
1.957958042621612549e-01
1.875124424695968628e-01
1.690753996372222900e-01
1.869397163391113281e-01
1.650905013084411621e-01
1.899144798517227173e-01
1.982429325580596924e-01
1.788863241672515869e-01
2.098484635353088379e-01
1.809460222721099854e-01
1.802746355533599854e-01
1.870959699153900146e-01
1.983856409788131714e-01
1.952431648969650269e-01
2.180947661399841309e-01
2.225839793682098389e-01
1.746144890785217285e-01
2.009004354476928711e-01
1.784434318542480469e-01
2.296565473079681396e-01
2.009964585304260254e-01
1.931178271770477295e-01
2.117643654346466064e-01
1.917488425970077515e-01
2.073281407356262207e-01
1.771143674850463867e-01
2.026337385177612305e-01
1.855796575546264648e-01
1.809911280870437622e-01
1.931461989879608154e-01
1.810364127159118652e-01
1.949351131916046143e-01
1.675135791301727295e-01
1.849660873413085938e-01
2.015093713998794556e-01
1.872212737798690796e-01
2.099107801914215088e-01
1.883794367313385010e-01
1.849979609251022339e-01
1.919888257980346680e-01
1.930993497371673584e-01
2.019682675600051880e-01
1.754282116889953613e-01
2.142794728279113770e-01
1.835820376873016357e-01
2.121263295412063599e-01
1.984068602323532104e-01
1.673286706209182739e-01
2.187931537628173828e-01
2.004682272672653198e-01
1.697575896978378296e-01
2.067898809909820557e-01
1.708912700414657593e-01
2.121037840843200684e-01
1.965514719486236572e-01
2.190505564212799072e-01
2.125732302665710449e-01
2.075335681438446045e-01
1.896609961986541748e-01
1.789776980876922607e-01
1.679643243551254272e-01
1.632264107465744019e-01
1.890578567981719971e-01
1.672376394271850586e-01
1.962878406047821045e-01
1.739931106567382812e-01
2.215414196252822876e-01
1.923415362834930420e-01
1.998295634984970093e-01
1.944477260112762451e-01
1.693125218152999878e-01
1.835795938968658447e-01
2.007079720497131348e-01
1.994917988777160645e-01
1.923073232173919678e-01
