3.969722747802734375e+00
1.801261067390441895e+00
1.983393192291259766e+00
2.182024002075195312e+00
2.245459318161010742e+00
2.035232067108154297e+00
2.007701396942138672e+00
1.892480492591857910e+00
2.246216297149658203e+00
1.985231876373291016e+00
1.974175214767456055e+00
1.983069300651550293e+00
2.260625839233398438e+00
1.646914958953857422e+00
1.931278347969055176e+00
2.053353071212768555e+00
2.037995338439941406e+00
1.825630187988281250e+00
1.810566902160644531e+00
1.983009815216064453e+00
1.990393877029418945e+00
1.669715881347656250e+00
1.851716041564941406e+00
1.909824609756469727e+00
1.588039398193359375e+00
2.007623672485351562e+00
1.818318605422973633e+00
1.830719947814941406e+00
1.819889307022094727e+00
1.877287030220031738e+00
2.067896842956542969e+00
1.848845362663269043e+00
1.669023752212524414e+00
1.605146884918212891e+00
1.703173637390136719e+00
1.693232059478759766e+00
1.499455213546752930e+00
1.441156744956970215e+00
1.362123727798461914e+00
1.715489625930786133e+00
1.237676143646240234e+00
1.496760606765747070e+00
1.153282403945922852e+00
1.581009149551391602e+00
1.128294467926025391e+00
1.324162960052490234e+00
8.074699044227600098e-01
1.242352247238159180e+00
9.280569553375244141e-01
9.192348718643188477e-01
8.260855674743652344e-01
9.934477806091308594e-01
7.732239961624145508e-01
9.128236770629882812e-01
6.891808509826660156e-01
9.591553807258605957e-01
7.349753379821777344e-01
7.810551524162292480e-01
7.122932672500610352e-01
7.175813317298889160e-01
7.325066924095153809e-01
6.432086229324340820e-01
6.679045557975769043e-01
6.372317075729370117e-01
7.146143913269042969e-01
5.396460294723510742e-01
5.332427024841308594e-01
4.924943149089813232e-01
5.805790424346923828e-01
6.382021307945251465e-01
5.348210334777832031e-01
5.080537796020507812e-01
5.863943099975585938e-01
4.267532229423522949e-01
5.044657588005065918e-01
4.070270061492919922e-01
4.433243870735168457e-01
3.849736452102661133e-01
5.002948045730590820e-01
4.433793723583221436e-01
4.002798795700073242e-01
3.649906814098358154e-01
4.957336783409118652e-01
3.697207570075988770e-01
6.115918159484863281e-01
5.430372953414916992e-01
4.334823489189147949e-01
3.864167928695678711e-01
5.225391387939453125e-01
3.270946145057678223e-01
6.098600625991821289e-01
3.759920001029968262e-01
7.735096812248229980e-01
4.133138656616210938e-01
5.848693847656250000e-01
4.014792740345001221e-01
5.269544124603271484e-01
3.875947892665863037e-01
4.146623611450195312e-01
5.375168323516845703e-01
4.396685957908630371e-01
4.606364667415618896e-01
4.832469522953033447e-01
4.171818792819976807e-01
3.818065822124481201e-01
4.649263024330139160e-01
3.209106922149658203e-01
4.438355565071105957e-01
3.179019093513488770e-01
4.089018702507019043e-01
4.409942328929901123e-01
3.317083120346069336e-01
3.598911762237548828e-01
4.254306554794311523e-01
3.667541444301605225e-01
3.730709552764892578e-01
3.997772932052612305e-01
3.434990048408508301e-01
3.495280742645263672e-01
3.723198771476745605e-01
4.170289039611816406e-01
5.024739503860473633e-01
3.707773983478546143e-01
4.113507270812988281e-01
3.670948147773742676e-01
4.673225879669189453e-01
3.507211208343505859e-01
4.553744792938232422e-01
3.422918319702148438e-01
4.408680796623229980e-01
4.460261166095733643e-01
3.387874066829681396e-01
3.434500694274902344e-01
3.197600841522216797e-01
4.136283993721008301e-01
3.152884840965270996e-01
3.586712479591369629e-01
2.883029580116271973e-01
3.208708167076110840e-01
3.343017101287841797e-01
3.343047499656677246e-01
3.635083734989166260e-01
4.128715395927429199e-01
4.110131263732910156e-01
3.917003273963928223e-01
5.032897591590881348e-01
3.565467596054077148e-01
4.360528588294982910e-01
3.893147706985473633e-01
4.442870914936065674e-01
3.537723422050476074e-01
3.790932297706604004e-01
3.528013825416564941e-01
3.226048052310943604e-01
4.135678410530090332e-01
3.275645971298217773e-01
3.567786514759063721e-01
3.460785150527954102e-01
4.321033358573913574e-01
3.096524775028228760e-01
3.333429694175720215e-01
3.076047301292419434e-01
4.041673243045806885e-01
3.050446510314941406e-01
3.358895182609558105e-01
3.191083073616027832e-01
3.480004668235778809e-01
2.854169607162475586e-01
3.350643515586853027e-01
3.184108138084411621e-01
2.973019778728485107e-01
3.571808934211730957e-01
2.797183990478515625e-01
3.862638771533966064e-01
2.987976670265197754e-01
3.638341128826141357e-01
3.449563980102539062e-01
3.280718028545379639e-01
3.206203281879425049e-01
3.205587863922119141e-01
3.665684759616851807e-01
3.324590623378753662e-01
3.349416553974151611e-01
3.319646716117858887e-01
2.601317763328552246e-01
3.416826725006103516e-01
2.582331597805023193e-01
2.906331419944763184e-01
3.065083622932434082e-01
3.181445002555847168e-01
4.821391105651855469e-01
3.718641698360443115e-01
3.235516548156738281e-01
2.683207392692565918e-01
2.908208370208740234e-01
2.877835631370544434e-01
3.117576837539672852e-01
3.392731547355651855e-01
3.614012598991394043e-01
2.942677736282348633e-01
3.043548464775085449e-01
2.865921258926391602e-01
3.626805543899536133e-01
3.586966991424560547e-01
3.753595650196075439e-01
4.363996982574462891e-01
2.993993163108825684e-01
3.819500803947448730e-01
2.876627147197723389e-01
3.777549266815185547e-01
3.012263774871826172e-01
4.021484851837158203e-01
3.320313096046447754e-01
3.494279980659484863e-01
2.759320139884948730e-01
3.136163949966430664e-01
3.110310137271881104e-01
3.023404777050018311e-01
3.361260294914245605e-01
3.272154033184051514e-01
3.132033944129943848e-01
3.234523832798004150e-01
2.947212159633636475e-01
2.890692353248596191e-01
4.527199566364288330e-01
3.449064493179321289e-01
4.326732754707336426e-01
3.333682119846343994e-01
4.611050784587860107e-01
3.948406875133514404e-01
5.590499639511108398e-01
4.173564612865447998e-01
4.086611866950988770e-01
3.215956091880798340e-01
4.805076420307159424e-01
3.260918855667114258e-01
5.462680459022521973e-01
3.181307911872863770e-01
3.462188839912414551e-01
3.831246495246887207e-01
3.499506413936614990e-01
4.310601353645324707e-01
3.182912170886993408e-01
3.298758268356323242e-01
2.947039604187011719e-01
3.921357989311218262e-01
2.974841892719268799e-01
3.446136713027954102e-01
2.719478309154510498e-01
3.128928542137145996e-01
2.936738431453704834e-01
3.480815887451171875e-01
3.222354352474212646e-01
4.004334807395935059e-01
3.087292015552520752e-01
3.077218532562255859e-01
3.279000222682952881e-01
2.757592201232910156e-01
3.693715929985046387e-01
3.225666582584381104e-01
3.464339077472686768e-01
2.700091898441314697e-01
3.369559645652770996e-01
3.015992641448974609e-01
3.064665198326110840e-01
3.281829357147216797e-01
3.432312011718750000e-01
3.214706778526306152e-01
3.291007876396179199e-01
3.891546726226806641e-01
3.658348917961120605e-01
2.906522750854492188e-01
3.306913971900939941e-01
3.003650903701782227e-01
3.072269260883331299e-01
3.304165005683898926e-01
2.575630545616149902e-01
2.512973546981811523e-01
3.164041340351104736e-01
3.217158019542694092e-01
2.661162018775939941e-01
2.658959627151489258e-01
2.862473726272583008e-01
2.624243497848510742e-01
3.931242525577545166e-01
3.578646183013916016e-01
3.181576132774353027e-01
2.829208374023437500e-01
3.516364097595214844e-01
2.632312476634979248e-01
2.998237013816833496e-01
3.002249002456665039e-01
3.107922375202178955e-01
2.876240909099578857e-01
2.998904883861541748e-01
2.933001816272735596e-01
3.028249740600585938e-01
3.231661319732666016e-01
3.378767967224121094e-01
3.215726017951965332e-01
2.990497648715972900e-01
3.101882338523864746e-01
2.806188464164733887e-01
3.211345672607421875e-01
2.673904299736022949e-01
2.964769899845123291e-01
2.680070400238037109e-01
3.560020923614501953e-01
2.740404009819030762e-01
3.866541385650634766e-01
2.783287763595581055e-01
5.063618421554565430e-01
3.096745014190673828e-01
4.117594957351684570e-01
2.606056034564971924e-01
3.567655682563781738e-01
2.749318182468414307e-01
3.626984357833862305e-01
2.765170335769653320e-01
3.014294505119323730e-01
3.583286106586456299e-01
2.895942926406860352e-01
3.441047072410583496e-01
2.512661218643188477e-01
3.410542607307434082e-01
2.594057321548461914e-01
2.513828277587890625e-01
2.749467194080352783e-01
2.729413211345672607e-01
3.188441991806030273e-01
3.146941363811492920e-01
2.772597372531890869e-01
2.809115648269653320e-01
3.105974197387695312e-01
2.736250460147857666e-01
3.293207287788391113e-01
2.724950313568115234e-01
2.817446589469909668e-01
3.589697778224945068e-01
2.789522409439086914e-01
4.035997390747070312e-01
2.885741293430328369e-01
2.972077727317810059e-01
2.427145540714263916e-01
3.385607004165649414e-01
2.706651985645294189e-01
3.336382508277893066e-01
3.121996819972991943e-01
3.304964900016784668e-01
2.879521846771240234e-01
3.220793604850769043e-01
2.905389666557312012e-01
3.166727423667907715e-01
2.554935216903686523e-01
2.911610603332519531e-01
2.864339649677276611e-01
2.782947421073913574e-01
3.178445696830749512e-01
2.751161754131317139e-01
2.858291566371917725e-01
2.738860845565795898e-01
3.197703957557678223e-01
2.927821278572082520e-01
2.491998970508575439e-01
2.855660319328308105e-01
2.817533910274505615e-01
3.285629451274871826e-01
2.966854572296142578e-01
2.746506333351135254e-01
2.687738537788391113e-01
2.623200416564941406e-01
2.796975076198577881e-01
2.705483734607696533e-01
2.534561157226562500e-01
2.514496445655822754e-01
2.715476155281066895e-01
2.259718030691146851e-01
2.858222126960754395e-01
2.298832684755325317e-01
2.968148589134216309e-01
2.843021750450134277e-01
2.565191984176635742e-01
2.437850236892700195e-01
2.431988567113876343e-01
2.398783266544342041e-01
2.242773473262786865e-01
2.217356264591217041e-01
2.035596072673797607e-01
2.072417140007019043e-01
2.223741263151168823e-01
2.561042308807373047e-01
2.468405812978744507e-01
2.451816797256469727e-01
2.239008545875549316e-01
3.116087317466735840e-01
2.106982916593551636e-01
3.632225990295410156e-01
3.888896107673645020e-01
3.588289618492126465e-01
3.663663864135742188e-01
2.213726341724395752e-01
2.867889404296875000e-01
3.154600262641906738e-01
2.686612010002136230e-01
2.487766444683074951e-01
2.036396563053131104e-01
3.427327275276184082e-01
2.170750796794891357e-01
2.957452535629272461e-01
1.960532218217849731e-01
2.975843846797943115e-01
1.924206018447875977e-01
2.956291139125823975e-01
1.780252158641815186e-01
3.489749431610107422e-01
1.875484585762023926e-01
2.611121535301208496e-01
2.011565268039703369e-01
2.668416500091552734e-01
1.973460018634796143e-01
2.165000736713409424e-01
1.833502948284149170e-01
2.233910113573074341e-01
2.083481252193450928e-01
1.950225830078125000e-01
1.907457113265991211e-01
1.930615603923797607e-01
2.042492926120758057e-01
1.997124850749969482e-01
1.807130575180053711e-01
2.092413306236267090e-01
2.014517784118652344e-01
1.885872781276702881e-01
1.776853203773498535e-01
1.966555714607238770e-01
1.475147306919097900e-01
1.621397733688354492e-01
1.767403781414031982e-01
1.939003765583038330e-01
1.525327861309051514e-01
2.060420513153076172e-01
1.894212812185287476e-01
1.597929745912551880e-01
1.789382696151733398e-01
1.679835617542266846e-01
1.710253059864044189e-01
1.740005016326904297e-01
1.527740359306335449e-01
1.510219871997833252e-01
1.455706655979156494e-01
1.364372670650482178e-01
1.684140264987945557e-01
1.360201537609100342e-01
1.466029733419418335e-01
1.297795474529266357e-01
1.361829340457916260e-01
1.364530920982360840e-01
1.701990962028503418e-01
1.625102162361145020e-01
1.385152488946914673e-01
2.334959954023361206e-01
2.368602156639099121e-01
1.408887207508087158e-01
2.758639752864837646e-01
1.809614896774291992e-01
2.462069690227508545e-01
2.216423004865646362e-01
1.348445713520050049e-01
1.849613785743713379e-01
1.350007355213165283e-01
2.053670883178710938e-01
1.341085880994796753e-01
1.721398234367370605e-01
1.459987461566925049e-01
1.392019093036651611e-01
1.583924293518066406e-01
1.152834743261337280e-01
1.766386330127716064e-01
1.277367621660232544e-01
1.190000623464584351e-01
1.413109898567199707e-01
1.060840338468551636e-01
1.362715661525726318e-01
1.288366615772247314e-01
1.181206256151199341e-01
1.500381231307983398e-01
9.614422917366027832e-02
1.242669224739074707e-01
1.267094761133193970e-01
1.332185417413711548e-01
1.850404441356658936e-01
1.234737038612365723e-01
1.475257128477096558e-01
1.335476934909820557e-01
1.302689313888549805e-01
1.659424006938934326e-01
1.121811345219612122e-01
1.767059564590454102e-01
1.185329705476760864e-01
1.244162917137145996e-01
1.311516165733337402e-01
1.012542024254798889e-01
1.222182214260101318e-01
1.071201637387275696e-01
1.446044594049453735e-01
1.167590171098709106e-01
1.052735298871994019e-01
1.070461422204971313e-01
1.071165800094604492e-01
1.340686827898025513e-01
9.846313297748565674e-02
1.398537307977676392e-01
1.275869905948638916e-01
9.820608794689178467e-02
9.458383172750473022e-02
1.059456020593643188e-01
1.031342446804046631e-01
1.004448682069778442e-01
1.083199232816696167e-01
9.327159076929092407e-02
8.920723199844360352e-02
1.062964573502540588e-01
9.155558049678802490e-02
9.856991469860076904e-02
1.082707941532135010e-01
9.632734954357147217e-02
9.857156127691268921e-02
9.816303104162216187e-02
9.641496837139129639e-02
1.071570664644241333e-01
9.851212054491043091e-02
9.287770837545394897e-02
1.120703667402267456e-01
1.225148737430572510e-01
9.213775396347045898e-02
1.250175535678863525e-01
1.009936928749084473e-01
8.908072113990783691e-02
1.285056471824645996e-01
1.045679003000259399e-01
1.019758135080337524e-01
1.308643966913223267e-01
8.607986569404602051e-02
1.335115730762481689e-01
1.071557104587554932e-01
8.771015703678131104e-02
1.069974675774574280e-01
8.979012072086334229e-02
1.021783053874969482e-01
9.428517520427703857e-02
8.273782581090927124e-02
9.784534573554992676e-02
8.985509723424911499e-02
9.289553761482238770e-02
9.074847400188446045e-02
8.832542598247528076e-02
8.312638103961944580e-02
8.582012355327606201e-02
8.873265981674194336e-02
9.128209948539733887e-02
8.721563220024108887e-02
8.380967378616333008e-02
7.753239572048187256e-02
1.022686958312988281e-01
9.136031568050384521e-02
9.181894361972808838e-02
7.808938622474670410e-02
9.505018591880798340e-02
9.031827747821807861e-02
8.301508426666259766e-02
9.752362966537475586e-02
8.949564397335052490e-02
7.686730474233627319e-02
1.029219031333923340e-01
7.988598942756652832e-02
8.154910802841186523e-02
8.361734449863433838e-02
8.212304115295410156e-02
9.842301905155181885e-02
7.730461657047271729e-02
9.076158702373504639e-02
9.190420806407928467e-02
8.614571392536163330e-02
8.884428441524505615e-02
8.435893803834915161e-02
8.997684717178344727e-02
7.761208713054656982e-02
8.507902920246124268e-02
9.230932593345642090e-02
8.673450350761413574e-02
7.976311445236206055e-02
8.765987306833267212e-02
8.664987236261367798e-02
9.999606758356094360e-02
7.661806046962738037e-02
8.306054770946502686e-02
8.363445103168487549e-02
8.210009336471557617e-02
8.229912817478179932e-02
8.089271932840347290e-02
7.224224507808685303e-02
7.734193652868270874e-02
7.799637317657470703e-02
7.515506446361541748e-02
7.982763648033142090e-02
8.441114425659179688e-02
8.119475841522216797e-02
6.846341490745544434e-02
8.327326178550720215e-02
8.149278163909912109e-02
8.602279424667358398e-02
7.985602319240570068e-02
8.067989349365234375e-02
8.261205255985260010e-02
7.524862885475158691e-02
6.959287822246551514e-02
7.980618625879287720e-02
6.779147684574127197e-02
7.322707772254943848e-02
8.540286123752593994e-02
6.703066825866699219e-02
8.072505891323089600e-02
7.460290938615798950e-02
7.436010241508483887e-02
8.396730571985244751e-02
8.829277008771896362e-02
7.324593514204025269e-02
7.536229491233825684e-02
7.876928895711898804e-02
7.235679030418395996e-02
7.541669905185699463e-02
7.993222773075103760e-02
7.294499874114990234e-02
6.687100231647491455e-02
7.746999710798263550e-02
7.651668787002563477e-02
7.875487208366394043e-02
6.666844338178634644e-02
7.328864187002182007e-02
6.516574323177337646e-02
8.044578880071640015e-02
6.312350928783416748e-02
7.650436460971832275e-02
7.291281223297119141e-02
7.964543998241424561e-02
6.550999730825424194e-02
6.727284193038940430e-02
7.630005478858947754e-02
6.531229615211486816e-02
6.760609149932861328e-02
8.825626969337463379e-02
6.820202618837356567e-02
6.726721674203872681e-02
7.724604010581970215e-02
6.968800723552703857e-02
6.846899539232254028e-02
8.316928893327713013e-02
6.585019081830978394e-02
7.369651645421981812e-02
8.145815134048461914e-02
5.896794423460960388e-02
6.778544187545776367e-02
7.755158841609954834e-02
8.192624151706695557e-02
6.639142334461212158e-02
7.614796608686447144e-02
6.954064965248107910e-02
7.595781981945037842e-02
7.578000426292419434e-02
6.656692922115325928e-02
7.242551445960998535e-02
7.201217114925384521e-02
6.345361471176147461e-02
7.779860496520996094e-02
7.062107324600219727e-02
7.266226410865783691e-02
7.240958511829376221e-02
7.889801263809204102e-02
7.145556807518005371e-02
6.938800215721130371e-02
6.710381060838699341e-02
7.410863041877746582e-02
6.269718706607818604e-02
7.364979386329650879e-02
8.013795316219329834e-02
7.818219810724258423e-02
6.216178089380264282e-02
7.514810562133789062e-02
7.718923687934875488e-02
8.114334940910339355e-02
7.167261838912963867e-02
7.613573223352432251e-02
7.567390799522399902e-02
8.219230175018310547e-02
6.756925582885742188e-02
6.746563315391540527e-02
6.931939721107482910e-02
6.912896782159805298e-02
6.880073994398117065e-02
6.389535963535308838e-02
6.673838943243026733e-02
7.935515046119689941e-02
6.871080398559570312e-02
6.308168917894363403e-02
6.833205372095108032e-02
8.098851144313812256e-02
7.597681879997253418e-02
6.273537874221801758e-02
7.182150334119796753e-02
5.997488275170326233e-02
6.531935930252075195e-02
6.844844669103622437e-02
6.914907693862915039e-02
7.480239868164062500e-02
7.761085033416748047e-02
6.035305559635162354e-02
7.721822708845138550e-02
8.111058175563812256e-02
7.401323318481445312e-02
6.804074347019195557e-02
6.474753469228744507e-02
7.337829470634460449e-02
6.300854682922363281e-02
7.292463630437850952e-02
7.535341382026672363e-02
6.693218648433685303e-02
7.133720070123672485e-02
7.253388315439224243e-02
7.872299849987030029e-02
7.291692495346069336e-02
8.180701732635498047e-02
7.549349963665008545e-02
6.866105645895004272e-02
6.623391807079315186e-02
6.110188364982604980e-02
6.461575627326965332e-02
7.111140340566635132e-02
6.761466711759567261e-02
7.223360240459442139e-02
7.140415161848068237e-02
6.471199542284011841e-02
6.839844584465026855e-02
6.818284094333648682e-02
6.016754731535911560e-02
6.327022612094879150e-02
7.883279770612716675e-02
7.639379054307937622e-02
7.439146190881729126e-02
7.233934849500656128e-02
7.266071438789367676e-02
7.558827102184295654e-02
6.892898678779602051e-02
7.823414355516433716e-02
8.629990369081497192e-02
8.200573176145553589e-02
7.320564240217208862e-02
7.206666469573974609e-02
7.665382325649261475e-02
6.784318387508392334e-02
7.850316166877746582e-02
8.882997930049896240e-02
7.165130972862243652e-02
7.822705805301666260e-02
9.544365108013153076e-02
5.740522593259811401e-02
9.291568398475646973e-02
1.056713536381721497e-01
7.596623152494430542e-02
1.051886007189750671e-01
1.313875019550323486e-01
6.562606990337371826e-02
1.126892045140266418e-01
1.131980419158935547e-01
7.585787028074264526e-02
1.322122216224670410e-01
8.341243863105773926e-02
9.526143968105316162e-02
1.358822137117385864e-01
7.871774584054946899e-02
8.722148835659027100e-02
1.085950285196304321e-01
6.686800718307495117e-02
9.671164304018020630e-02
7.308103144168853760e-02
7.820516824722290039e-02
8.308616280555725098e-02
7.015334069728851318e-02
1.155736148357391357e-01
7.779327034950256348e-02
8.060227334499359131e-02
1.151826828718185425e-01
7.544087618589401245e-02
8.808887004852294922e-02
8.907493948936462402e-02
6.256474554538726807e-02
8.146233111619949341e-02
8.329330384731292725e-02
7.271447777748107910e-02
9.231430292129516602e-02
6.472958624362945557e-02
8.495795726776123047e-02
6.669399887323379517e-02
7.183484733104705811e-02
7.819437980651855469e-02
6.037507206201553345e-02
6.472308933734893799e-02
7.865250110626220703e-02
6.476728618144989014e-02
7.872930169105529785e-02
7.507041841745376587e-02
6.693486869335174561e-02
6.527495384216308594e-02
6.538523733615875244e-02
5.749708414077758789e-02
6.463097035884857178e-02
6.351806223392486572e-02
6.821423023939132690e-02
6.066982075572013855e-02
7.054241001605987549e-02
6.357747316360473633e-02
7.001082599163055420e-02
6.048594787716865540e-02
7.276227325201034546e-02
5.915908515453338623e-02
6.365935504436492920e-02
5.827008932828903198e-02
6.382446736097335815e-02
7.452636957168579102e-02
5.961569398641586304e-02
6.221957504749298096e-02
7.007491588592529297e-02
7.272876799106597900e-02
6.199924647808074951e-02
5.726103484630584717e-02
6.361453235149383545e-02
6.845563650131225586e-02
6.366840004920959473e-02
6.486881524324417114e-02
6.918796151876449585e-02
7.458486407995223999e-02
5.965170264244079590e-02
6.517573446035385132e-02
6.373614072799682617e-02
7.095451653003692627e-02
6.056603044271469116e-02
5.903574824333190918e-02
6.057530641555786133e-02
6.208438053727149963e-02
6.083849072456359863e-02
6.147819757461547852e-02
5.976902320981025696e-02
6.840980798006057739e-02
6.136755645275115967e-02
7.347838580608367920e-02
6.953497976064682007e-02
5.509853735566139221e-02
6.679940968751907349e-02
7.033039629459381104e-02
6.866807490587234497e-02
7.454691082239151001e-02
5.957153439521789551e-02
7.528071105480194092e-02
6.353063881397247314e-02
6.578711420297622681e-02
7.029648125171661377e-02
7.453025877475738525e-02
6.320221722126007080e-02
7.447358965873718262e-02
7.163077592849731445e-02
6.930872797966003418e-02
7.294815778732299805e-02
6.890961527824401855e-02
6.498756259679794312e-02
7.324360311031341553e-02
6.608673930168151855e-02
6.735139340162277222e-02
7.557494193315505981e-02
7.181191444396972656e-02
7.438477873802185059e-02
8.230148255825042725e-02
6.550706923007965088e-02
6.500820815563201904e-02
6.910851597785949707e-02
6.617239862680435181e-02
6.202612072229385376e-02
6.395293027162551880e-02
5.985990911722183228e-02
6.523995101451873779e-02
6.604801863431930542e-02
6.181445717811584473e-02
5.942895263433456421e-02
6.651904433965682983e-02
6.397727131843566895e-02
6.802706420421600342e-02
6.309524923563003540e-02
6.972087174654006958e-02
5.943819880485534668e-02
6.795665621757507324e-02
6.135859340429306030e-02
6.244673579931259155e-02
6.755988299846649170e-02
5.938702449202537537e-02
5.656060203909873962e-02
7.326438277959823608e-02
7.051822543144226074e-02
7.231099158525466919e-02
6.909673660993576050e-02
5.796625465154647827e-02
5.661272257566452026e-02
5.508747696876525879e-02
6.105393916368484497e-02
6.556803733110427856e-02
6.877837330102920532e-02
5.662164837121963501e-02
5.724599957466125488e-02
6.358401477336883545e-02
7.044413685798645020e-02
5.935179442167282104e-02
6.412457674741744995e-02
6.844908744096755981e-02
6.543405354022979736e-02
6.369694322347640991e-02
5.848759785294532776e-02
6.422702968120574951e-02
5.904424935579299927e-02
6.016685068607330322e-02
7.304248958826065063e-02
6.213986128568649292e-02
6.426941603422164917e-02
6.641139090061187744e-02
6.869895756244659424e-02
7.210911065340042114e-02
6.653249263763427734e-02
6.673855334520339966e-02
6.537612527608871460e-02
6.036850064992904663e-02
7.026216387748718262e-02
5.813638865947723389e-02
6.906484067440032959e-02
6.056238710880279541e-02
6.298608332872390747e-02
7.219658046960830688e-02
6.193125247955322266e-02
6.184270232915878296e-02
7.526944577693939209e-02
6.767477095127105713e-02
5.980718135833740234e-02
7.001598924398422241e-02
8.349031209945678711e-02
5.402668938040733337e-02
7.221449911594390869e-02
7.195104658603668213e-02
6.506343185901641846e-02
6.907889991998672485e-02
6.584513187408447266e-02
5.737164244055747986e-02
7.731465995311737061e-02
6.910511851310729980e-02
6.770505756139755249e-02
7.151766866445541382e-02
7.314985990524291992e-02
6.624680757522583008e-02
6.703296303749084473e-02
6.283321976661682129e-02
6.381171941757202148e-02
6.536011397838592529e-02
6.256484240293502808e-02
6.006341055035591125e-02
5.877656489610671997e-02
6.353668868541717529e-02
5.529957264661788940e-02
7.421302795410156250e-02
5.949934199452400208e-02
5.829918012022972107e-02
7.638515532016754150e-02
6.747728586196899414e-02
6.095233187079429626e-02
7.253083586692810059e-02
6.850544363260269165e-02
6.216457486152648926e-02
7.174804806709289551e-02
7.241970300674438477e-02
6.597308814525604248e-02
7.824667543172836304e-02
7.472647726535797119e-02
6.363250315189361572e-02
7.265064865350723267e-02
7.773754000663757324e-02
6.849306076765060425e-02
8.437108248472213745e-02
7.267337292432785034e-02
7.592222094535827637e-02
8.710655570030212402e-02
7.449062168598175049e-02
6.244511902332305908e-02
9.297664463520050049e-02
7.538063824176788330e-02
5.964589118957519531e-02
7.358802855014801025e-02
6.750676780939102173e-02
