9.961682319641113281e+00
1.130151844024658203e+01
9.053331375122070312e+00
8.916435241699218750e+00
1.072281074523925781e+01
1.099628734588623047e+01
1.016086959838867188e+01
1.047732925415039062e+01
7.635465621948242188e+00
1.089823532104492188e+01
1.003282737731933594e+01
8.913363456726074219e+00
9.628483772277832031e+00
1.003239440917968750e+01
8.092239379882812500e+00
1.076330280303955078e+01
8.286234855651855469e+00
1.157371997833251953e+01
8.898896217346191406e+00
9.298664093017578125e+00
9.279801368713378906e+00
8.972829818725585938e+00
9.328296661376953125e+00
1.072235488891601562e+01
8.417304992675781250e+00
9.847333908081054688e+00
9.878267288208007812e+00
8.271596908569335938e+00
9.631488800048828125e+00
9.302619934082031250e+00
8.050672531127929688e+00
9.929718971252441406e+00
9.338811874389648438e+00
8.539130210876464844e+00
8.499260902404785156e+00
6.982985019683837891e+00
7.166759014129638672e+00
4.784636497497558594e+00
4.888122558593750000e+00
4.750515937805175781e+00
3.672741889953613281e+00
2.176341533660888672e+00
1.665817022323608398e+00
1.642643332481384277e+00
1.793805837631225586e+00
2.146615743637084961e+00
2.402544260025024414e+00
2.414462089538574219e+00
2.007031440734863281e+00
1.573791980743408203e+00
1.196027278900146484e+00
8.286143541336059570e-01
1.025750756263732910e+00
1.039020061492919922e+00
9.257024526596069336e-01
1.160945534706115723e+00
9.766015410423278809e-01
8.709840774536132812e-01
9.239593744277954102e-01
6.423856019973754883e-01
6.619330644607543945e-01
8.531754016876220703e-01
7.193689346313476562e-01
7.891830801963806152e-01
7.015990614891052246e-01
6.639959216117858887e-01
6.223033666610717773e-01
5.668522119522094727e-01
5.445239543914794922e-01
5.514379739761352539e-01
5.732470750808715820e-01
6.249814033508300781e-01
5.714244842529296875e-01
5.691085457801818848e-01
5.681315660476684570e-01
5.377144217491149902e-01
5.837872028350830078e-01
6.032091379165649414e-01
4.733701050281524658e-01
5.086243748664855957e-01
5.566449165344238281e-01
6.102982759475708008e-01
4.953373074531555176e-01
6.551030278205871582e-01
5.324444174766540527e-01
6.626878380775451660e-01
5.004235506057739258e-01
5.684543848037719727e-01
5.208299160003662109e-01
5.670236349105834961e-01
4.833594262599945068e-01
5.523819327354431152e-01
4.644417762756347656e-01
5.309110879898071289e-01
4.622076153755187988e-01
4.698275625705718994e-01
5.150039196014404297e-01
5.340754985809326172e-01
4.974529743194580078e-01
5.138817429542541504e-01
4.916106164455413818e-01
5.443495512008666992e-01
5.238579511642456055e-01
5.626623034477233887e-01
6.181175708770751953e-01
5.729131698608398438e-01
6.373290419578552246e-01
3.940698206424713135e-01
5.210999250411987305e-01
4.936524033546447754e-01
5.982797145843505859e-01
4.897150993347167969e-01
5.536953210830688477e-01
4.391117095947265625e-01
5.562642216682434082e-01
4.678534865379333496e-01
5.457773804664611816e-01
5.300313234329223633e-01
5.183463096618652344e-01
4.836730957031250000e-01
4.361076951026916504e-01
5.293672084808349609e-01
4.947185516357421875e-01
5.069151520729064941e-01
4.929244518280029297e-01
5.183734297752380371e-01
5.885102152824401855e-01
5.141250491142272949e-01
5.268700122833251953e-01
6.296688318252563477e-01
4.792095422744750977e-01
6.216945052146911621e-01
5.509105920791625977e-01
5.829253196716308594e-01
5.245051383972167969e-01
5.522078275680541992e-01
5.111179947853088379e-01
5.572472810745239258e-01
4.461156725883483887e-01
5.137925744056701660e-01
5.592956542968750000e-01
4.936279952526092529e-01
4.003497362136840820e-01
5.012296438217163086e-01
5.424913763999938965e-01
5.227721929550170898e-01
5.495173931121826172e-01
5.202282667160034180e-01
5.396654605865478516e-01
5.205535888671875000e-01
4.743953049182891846e-01
4.749835431575775146e-01
5.491715669631958008e-01
5.039269328117370605e-01
5.335512757301330566e-01
4.849182665348052979e-01
4.832854866981506348e-01
5.972341299057006836e-01
4.772003293037414551e-01
4.694133996963500977e-01
5.238131284713745117e-01
5.001800656318664551e-01
4.715740978717803955e-01
5.110521912574768066e-01
6.053402423858642578e-01
4.646693766117095947e-01
6.168855428695678711e-01
4.836668968200683594e-01
5.225596427917480469e-01
5.547205209732055664e-01
5.457339286804199219e-01
6.006990671157836914e-01
5.186702609062194824e-01
6.225153803825378418e-01
5.095360875129699707e-01
5.683444738388061523e-01
4.644685089588165283e-01
5.839974880218505859e-01
4.542810320854187012e-01
5.228732824325561523e-01
5.116321444511413574e-01
4.910587668418884277e-01
5.959790945053100586e-01
5.778112411499023438e-01
5.461416244506835938e-01
5.399748086929321289e-01
4.941214919090270996e-01
5.942282676696777344e-01
5.488948822021484375e-01
6.739262342453002930e-01
6.452150940895080566e-01
5.878176093101501465e-01
5.239052176475524902e-01
5.349465608596801758e-01
4.249871075153350830e-01
5.866021513938903809e-01
4.387123286724090576e-01
5.074324011802673340e-01
4.820291399955749512e-01
5.814636349678039551e-01
5.238351225852966309e-01
4.730855226516723633e-01
4.974852800369262695e-01
5.202963352203369141e-01
5.043045282363891602e-01
5.164778232574462891e-01
5.159645080566406250e-01
5.241565704345703125e-01
5.197491645812988281e-01
5.790174603462219238e-01
5.058946609497070312e-01
5.680646300315856934e-01
4.389725327491760254e-01
6.067342758178710938e-01
4.829332530498504639e-01
4.851129055023193359e-01
5.313594341278076172e-01
4.430775642395019531e-01
5.498234629631042480e-01
4.942316710948944092e-01
5.673104524612426758e-01
5.196511745452880859e-01
4.851311445236206055e-01
6.577440500259399414e-01
5.865237712860107422e-01
6.751334667205810547e-01
5.491525530815124512e-01
5.414928197860717773e-01
5.919540524482727051e-01
6.445318460464477539e-01
5.654556751251220703e-01
5.186205506324768066e-01
5.150547027587890625e-01
5.481766462326049805e-01
4.975621700286865234e-01
5.265562534332275391e-01
5.994560718536376953e-01
4.864028692245483398e-01
5.796526670455932617e-01
4.724466204643249512e-01
5.196874141693115234e-01
5.074390172958374023e-01
5.774425268173217773e-01
6.257238388061523438e-01
4.628614187240600586e-01
7.181854248046875000e-01
4.471875429153442383e-01
7.149313092231750488e-01
5.545408725738525391e-01
8.042567968368530273e-01
6.653044223785400391e-01
6.036118268966674805e-01
4.704756140708923340e-01
5.383745431900024414e-01
5.182646512985229492e-01
5.795488953590393066e-01
5.202163457870483398e-01
5.088192820549011230e-01
4.194809794425964355e-01
4.896397590637207031e-01
4.733642637729644775e-01
5.354475975036621094e-01
5.333274602890014648e-01
5.821937322616577148e-01
5.487418770790100098e-01
5.599188208580017090e-01
6.280823945999145508e-01
6.615242362022399902e-01
6.376126408576965332e-01
5.514859557151794434e-01
6.926777362823486328e-01
6.299151778221130371e-01
6.830320358276367188e-01
6.428595185279846191e-01
8.976206779479980469e-01
5.601788163185119629e-01
5.680621862411499023e-01
6.792433261871337891e-01
4.428163766860961914e-01
7.471013069152832031e-01
4.627503156661987305e-01
4.777920842170715332e-01
5.597071051597595215e-01
4.671435654163360596e-01
4.900076389312744141e-01
4.920536875724792480e-01
5.040107965469360352e-01
4.534800052642822266e-01
5.048142671585083008e-01
5.116202831268310547e-01
5.204752683639526367e-01
4.508246779441833496e-01
4.410988092422485352e-01
4.592058956623077393e-01
5.145404934883117676e-01
5.064272880554199219e-01
5.332840681076049805e-01
4.334575533866882324e-01
4.275054931640625000e-01
4.658947587013244629e-01
5.041954517364501953e-01
4.292733371257781982e-01
4.950835108757019043e-01
4.076492786407470703e-01
4.795375466346740723e-01
5.181841850280761719e-01
4.809760749340057373e-01
4.444192349910736084e-01
4.318221211433410645e-01
4.158179163932800293e-01
4.600706696510314941e-01
4.110268354415893555e-01
5.113363862037658691e-01
4.872147738933563232e-01
4.651014804840087891e-01
4.635482430458068848e-01
4.228202700614929199e-01
4.700582027435302734e-01
4.976064264774322510e-01
4.247999191284179688e-01
4.900487065315246582e-01
4.415598511695861816e-01
4.781928658485412598e-01
4.329624772071838379e-01
4.462062418460845947e-01
4.389449656009674072e-01
5.292621850967407227e-01
4.428233504295349121e-01
4.586136639118194580e-01
4.054171144962310791e-01
4.396314322948455811e-01
4.858165383338928223e-01
4.224364161491394043e-01
4.698976278305053711e-01
4.190183281898498535e-01
4.658528566360473633e-01
4.619289338588714600e-01
4.853557646274566650e-01
4.588795602321624756e-01
5.105488300323486328e-01
4.408721327781677246e-01
4.924365282058715820e-01
4.377817213535308838e-01
4.532282352447509766e-01
4.565109610557556152e-01
4.237294495105743408e-01
4.136654138565063477e-01
4.265151619911193848e-01
4.259584546089172363e-01
4.368473291397094727e-01
4.267668128013610840e-01
4.172191023826599121e-01
4.287724196910858154e-01
4.498609900474548340e-01
4.428836107254028320e-01
4.636872112751007080e-01
4.572689533233642578e-01
4.621999263763427734e-01
4.293248653411865234e-01
4.617532491683959961e-01
4.520184993743896484e-01
5.208334922790527344e-01
3.796308636665344238e-01
5.263351798057556152e-01
3.996429443359375000e-01
4.529163539409637451e-01
4.158938527107238770e-01
4.879347085952758789e-01
4.433827400207519531e-01
5.246233940124511719e-01
4.507160186767578125e-01
4.614062905311584473e-01
4.156011939048767090e-01
4.763130247592926025e-01
3.950490057468414307e-01
3.856468200683593750e-01
4.802258610725402832e-01
3.688914477825164795e-01
4.077029228210449219e-01
4.562276005744934082e-01
4.421640634536743164e-01
3.832921981811523438e-01
6.755740046501159668e-01
4.021413922309875488e-01
4.201362729072570801e-01
4.493026733398437500e-01
4.445897340774536133e-01
3.981320559978485107e-01
5.793564319610595703e-01
3.754147291183471680e-01
5.046660900115966797e-01
4.123733639717102051e-01
4.002254009246826172e-01
4.858816266059875488e-01
5.526043176651000977e-01
4.369310736656188965e-01
4.679614007472991943e-01
3.966200947761535645e-01
5.069545507431030273e-01
3.958199620246887207e-01
4.533381462097167969e-01
3.959471583366394043e-01
4.565510153770446777e-01
3.530422449111938477e-01
3.996465206146240234e-01
4.085711240768432617e-01
4.058461189270019531e-01
4.005315303802490234e-01
4.286295771598815918e-01
3.799948990345001221e-01
4.381343126296997070e-01
4.177330732345581055e-01
4.547398090362548828e-01
3.594313263893127441e-01
3.806546330451965332e-01
4.284901916980743408e-01
4.691358208656311035e-01
3.922507166862487793e-01
4.742943644523620605e-01
3.920757472515106201e-01
5.887654423713684082e-01
4.272381067276000977e-01
5.091388225555419922e-01
4.342858195304870605e-01
4.100806117057800293e-01
4.626224040985107422e-01
5.017641782760620117e-01
4.639116525650024414e-01
4.033776223659515381e-01
4.743462800979614258e-01
3.922213912010192871e-01
4.734394550323486328e-01
3.803068399429321289e-01
4.525476098060607910e-01
3.999691605567932129e-01
3.733422458171844482e-01
3.800529837608337402e-01
3.484142124652862549e-01
3.860163688659667969e-01
3.681159019470214844e-01
4.018321037292480469e-01
4.067872762680053711e-01
3.492009639739990234e-01
3.898975551128387451e-01
3.999060988426208496e-01
4.055115580558776855e-01
3.654816150665283203e-01
3.368039429187774658e-01
3.393640518188476562e-01
3.448781669139862061e-01
3.706759214401245117e-01
3.741635680198669434e-01
3.980092406272888184e-01
3.644567131996154785e-01
3.666940331459045410e-01
3.517780900001525879e-01
3.953182697296142578e-01
4.018031656742095947e-01
3.652623593807220459e-01
3.641446530818939209e-01
3.600145578384399414e-01
3.718909323215484619e-01
3.664246201515197754e-01
3.700263500213623047e-01
3.451880216598510742e-01
3.456708788871765137e-01
3.896884918212890625e-01
3.627214729785919189e-01
3.349972963333129883e-01
3.359289467334747314e-01
3.677093386650085449e-01
3.197188973426818848e-01
3.776457905769348145e-01
3.697499036788940430e-01
3.616346120834350586e-01
3.920598626136779785e-01
3.565517067909240723e-01
3.296028375625610352e-01
3.651583790779113770e-01
3.516453504562377930e-01
3.589931726455688477e-01
3.418697118759155273e-01
3.577876687049865723e-01
3.525353372097015381e-01
3.611447811126708984e-01
3.666878342628479004e-01
3.546862006187438965e-01
3.402445912361145020e-01
3.324119448661804199e-01
4.199170470237731934e-01
3.404729962348937988e-01
3.476200997829437256e-01
3.353441357612609863e-01
3.624407351016998291e-01
3.530599176883697510e-01
3.582056164741516113e-01
3.286170363426208496e-01
3.147867918014526367e-01
3.501022458076477051e-01
3.410555124282836914e-01
3.495616912841796875e-01
2.942090034484863281e-01
3.427624702453613281e-01
3.137498795986175537e-01
3.077311813831329346e-01
3.160305023193359375e-01
3.749395906925201416e-01
3.370712995529174805e-01
3.368446230888366699e-01
3.131510317325592041e-01
3.356806039810180664e-01
3.114695847034454346e-01
3.714490830898284912e-01
2.819269895553588867e-01
3.254204690456390381e-01
2.908893227577209473e-01
4.100414216518402100e-01
3.400948941707611084e-01
3.499184250831604004e-01
3.457583785057067871e-01
3.282344341278076172e-01
2.721935212612152100e-01
3.056939244270324707e-01
3.416658639907836914e-01
3.406813144683837891e-01
2.941814064979553223e-01
3.138662576675415039e-01
3.553156256675720215e-01
3.109185695648193359e-01
3.080524504184722900e-01
2.845116257667541504e-01
2.744825482368469238e-01
3.032034933567047119e-01
2.988688051700592041e-01
3.198427855968475342e-01
2.944361567497253418e-01
3.147495388984680176e-01
2.964592576026916504e-01
2.808270454406738281e-01
2.969983518123626709e-01
2.954093217849731445e-01
3.013607859611511230e-01
2.973434627056121826e-01
3.080349862575531006e-01
2.871641516685485840e-01
3.123687207698822021e-01
2.846856415271759033e-01
3.066000342369079590e-01
3.080563843250274658e-01
2.964922785758972168e-01
2.808987200260162354e-01
2.575078308582305908e-01
3.264580965042114258e-01
3.246703445911407471e-01
3.038152158260345459e-01
2.919733524322509766e-01
2.354558408260345459e-01
2.891681492328643799e-01
2.778934836387634277e-01
2.704403400421142578e-01
2.807357907295227051e-01
3.132144510746002197e-01
3.301451802253723145e-01
2.722085416316986084e-01
2.785061895847320557e-01
2.707860171794891357e-01
3.396408557891845703e-01
2.603160738945007324e-01
2.747317552566528320e-01
2.590054869651794434e-01
2.860322594642639160e-01
2.541058659553527832e-01
2.884741425514221191e-01
2.900937199592590332e-01
2.885613143444061279e-01
3.000863194465637207e-01
2.913154959678649902e-01
2.631061077117919922e-01
2.742784023284912109e-01
2.756640315055847168e-01
2.625235915184020996e-01
2.973134517669677734e-01
2.872167825698852539e-01
2.865521013736724854e-01
2.653961479663848877e-01
3.156412541866302490e-01
2.945960760116577148e-01
2.509254515171051025e-01
2.769614756107330322e-01
2.616007030010223389e-01
2.989937663078308105e-01
2.501238584518432617e-01
2.500483691692352295e-01
2.752016186714172363e-01
2.537860274314880371e-01
2.830233275890350342e-01
2.514395117759704590e-01
2.459594011306762695e-01
2.669423222541809082e-01
3.270759284496307373e-01
2.467687129974365234e-01
2.579250931739807129e-01
2.828807532787322998e-01
3.094299733638763428e-01
2.656641900539398193e-01
2.479817867279052734e-01
2.550086379051208496e-01
2.618920803070068359e-01
2.728403806686401367e-01
2.311735451221466064e-01
2.661077380180358887e-01
2.554595470428466797e-01
2.593483924865722656e-01
2.434235960245132446e-01
2.394223511219024658e-01
2.652825713157653809e-01
2.836736142635345459e-01
2.518659234046936035e-01
2.475233376026153564e-01
2.461075335741043091e-01
2.395839691162109375e-01
2.777189612388610840e-01
2.398584783077239990e-01
2.855837345123291016e-01
2.918264269828796387e-01
2.812334895133972168e-01
2.468167394399642944e-01
2.291726171970367432e-01
2.387419939041137695e-01
2.303020358085632324e-01
2.497214078903198242e-01
2.403524667024612427e-01
2.325211167335510254e-01
2.418033033609390259e-01
2.399261891841888428e-01
2.518073916435241699e-01
2.523405849933624268e-01
2.221293747425079346e-01
2.395868301391601562e-01
2.358348071575164795e-01
2.313334047794342041e-01
2.538973391056060791e-01
2.031778246164321899e-01
2.276320904493331909e-01
2.752595543861389160e-01
2.502830624580383301e-01
2.680189609527587891e-01
2.501061558723449707e-01
2.557767033576965332e-01
3.215997219085693359e-01
2.657523751258850098e-01
2.850099802017211914e-01
2.332373410463333130e-01
2.964238524436950684e-01
2.446872293949127197e-01
2.556567490100860596e-01
2.654766738414764404e-01
2.232091724872589111e-01
2.126322686672210693e-01
2.345563769340515137e-01
2.303347587585449219e-01
2.622740864753723145e-01
2.350109070539474487e-01
2.190192192792892456e-01
2.217585444450378418e-01
2.101231664419174194e-01
2.338755726814270020e-01
2.235480844974517822e-01
2.003167867660522461e-01
2.076845169067382812e-01
2.306595742702484131e-01
2.321061491966247559e-01
2.257817983627319336e-01
2.750855088233947754e-01
2.266841083765029907e-01
2.144808024168014526e-01
2.176060974597930908e-01
2.225340306758880615e-01
2.179394513368606567e-01
2.489441335201263428e-01
2.151100039482116699e-01
2.580281496047973633e-01
2.211331129074096680e-01
2.356234937906265259e-01
2.275156080722808838e-01
2.089289128780364990e-01
2.341335713863372803e-01
2.512285113334655762e-01
2.226241528987884521e-01
2.610743641853332520e-01
2.537807822227478027e-01
2.014164328575134277e-01
1.892800629138946533e-01
2.188522815704345703e-01
2.321133762598037720e-01
2.029536068439483643e-01
2.240572571754455566e-01
2.126656323671340942e-01
2.033244371414184570e-01
2.543812990188598633e-01
2.387575507164001465e-01
2.134958505630493164e-01
2.250922620296478271e-01
2.217946499586105347e-01
2.664282023906707764e-01
2.436046004295349121e-01
2.343063652515411377e-01
2.342727184295654297e-01
2.112579643726348877e-01
1.979626119136810303e-01
1.892734169960021973e-01
2.244147211313247681e-01
2.003546655178070068e-01
2.149427533149719238e-01
1.980283558368682861e-01
2.060630023479461670e-01
2.061666250228881836e-01
2.062710821628570557e-01
2.114553153514862061e-01
2.037326991558074951e-01
2.214869260787963867e-01
2.260179072618484497e-01
2.174654304981231689e-01
2.386172413825988770e-01
2.292536795139312744e-01
1.967988610267639160e-01
2.356702834367752075e-01
2.257228940725326538e-01
2.190050333738327026e-01
2.198011875152587891e-01
2.610037326812744141e-01
2.643087506294250488e-01
2.344136387109756470e-01
2.708031237125396729e-01
2.367820292711257935e-01
2.322074770927429199e-01
2.198734134435653687e-01
2.304741293191909790e-01
2.202344834804534912e-01
2.269139140844345093e-01
2.091323435306549072e-01
1.858809590339660645e-01
2.210285812616348267e-01
2.519512474536895752e-01
2.093029022216796875e-01
2.343120127916336060e-01
2.426370382308959961e-01
2.027034610509872437e-01
2.435540109872817993e-01
2.106242328882217407e-01
2.363197207450866699e-01
2.268290221691131592e-01
2.227670103311538696e-01
2.015204727649688721e-01
2.125674188137054443e-01
2.177876532077789307e-01
2.158872932195663452e-01
2.125580757856369019e-01
1.985561847686767578e-01
2.268869578838348389e-01
2.456437349319458008e-01
2.169510126113891602e-01
1.832321137189865112e-01
2.228522598743438721e-01
1.987026333808898926e-01
2.085519134998321533e-01
2.217438220977783203e-01
1.884827315807342529e-01
2.033441364765167236e-01
2.067821770906448364e-01
1.960249543190002441e-01
1.968735754489898682e-01
3.195279240608215332e-01
2.233168482780456543e-01
2.384036779403686523e-01
2.080779075622558594e-01
2.407631278038024902e-01
2.086665034294128418e-01
2.045052647590637207e-01
2.414803206920623779e-01
2.241624295711517334e-01
2.269063442945480347e-01
2.308664470911026001e-01
1.796343922615051270e-01
1.846989691257476807e-01
1.992251873016357422e-01
2.200726568698883057e-01
2.018632739782333374e-01
1.880125999450683594e-01
2.085865885019302368e-01
1.868602782487869263e-01
1.956807374954223633e-01
1.822223365306854248e-01
2.160258293151855469e-01
1.932867765426635742e-01
1.980437934398651123e-01
1.891347467899322510e-01
2.082630395889282227e-01
1.957606524229049683e-01
1.928430497646331787e-01
1.711395382881164551e-01
2.035396993160247803e-01
1.877586841583251953e-01
1.918878555297851562e-01
2.109904289245605469e-01
1.988061964511871338e-01
1.932005733251571655e-01
1.835074722766876221e-01
2.022061645984649658e-01
1.946543902158737183e-01
2.299569845199584961e-01
2.250602990388870239e-01
2.204227149486541748e-01
2.481659799814224243e-01
2.118344306945800781e-01
2.237341403961181641e-01
3.017796874046325684e-01
2.528301477432250977e-01
2.123413383960723877e-01
2.330308258533477783e-01
2.438906133174896240e-01
2.001192867755889893e-01
2.837456464767456055e-01
1.921313554048538208e-01
2.365206182003021240e-01
2.034449875354766846e-01
2.208475470542907715e-01
2.079802155494689941e-01
2.106566727161407471e-01
2.832193374633789062e-01
2.071242928504943848e-01
1.939328908920288086e-01
1.802490800619125366e-01
2.101149111986160278e-01
1.962583810091018677e-01
2.046413570642471313e-01
1.960394233465194702e-01
2.048295289278030396e-01
2.062098085880279541e-01
1.959960162639617920e-01
1.883835792541503906e-01
2.137317359447479248e-01
2.012925595045089722e-01
2.080179750919342041e-01
2.034546732902526855e-01
2.181170582771301270e-01
2.227110713720321655e-01
1.968158483505249023e-01
2.210513949394226074e-01
1.940179616212844849e-01
2.158062756061553955e-01
2.016350328922271729e-01
2.590163052082061768e-01
1.985990405082702637e-01
2.465825378894805908e-01
2.145026922225952148e-01
2.598388791084289551e-01
2.157022058963775635e-01
1.994854509830474854e-01
2.291228771209716797e-01
1.982645094394683838e-01
2.171708941459655762e-01
2.330716103315353394e-01
2.326936572790145874e-01
1.994797736406326294e-01
2.540621459484100342e-01
2.155516147613525391e-01
2.312809526920318604e-01
2.210865169763565063e-01
2.054538726806640625e-01
2.518802285194396973e-01
2.181470096111297607e-01
2.572111785411834717e-01
2.208255380392074585e-01
2.372156381607055664e-01
1.737920343875885010e-01
2.038715779781341553e-01
2.122682631015777588e-01
2.007048726081848145e-01
1.987345367670059204e-01
2.277297377586364746e-01
1.871857047080993652e-01
2.269856929779052734e-01
2.059686481952667236e-01
2.188804149627685547e-01
2.035142481327056885e-01
2.330698966979980469e-01
2.191539853811264038e-01
2.040328383445739746e-01
1.891212463378906250e-01
1.811529397964477539e-01
2.147882580757141113e-01
2.006321847438812256e-01
1.825372278690338135e-01
2.269622385501861572e-01
1.750932782888412476e-01
2.121417820453643799e-01
1.980670690536499023e-01
2.028869688510894775e-01
2.144745588302612305e-01
1.756096780300140381e-01
2.043312042951583862e-01
1.979940235614776611e-01
1.903172135353088379e-01
1.952706575393676758e-01
2.167838811874389648e-01
1.787753105163574219e-01
1.936530619859695435e-01
2.102757394313812256e-01
1.727223247289657593e-01
2.154307365417480469e-01
1.889517009258270264e-01
1.817643791437149048e-01
2.033230960369110107e-01
2.029245942831039429e-01
2.150735855102539062e-01
1.907248795032501221e-01
1.850967705249786377e-01
2.145785242319107056e-01
1.946345567703247070e-01
1.787430793046951294e-01
2.135523110628128052e-01
1.794924437999725342e-01
2.402750253677368164e-01
1.831785440444946289e-01
2.637066245079040527e-01
1.913954019546508789e-01
2.482136338949203491e-01
2.366376221179962158e-01
1.968105435371398926e-01
2.254702746868133545e-01
2.234357893466949463e-01
2.295847535133361816e-01
1.805962324142456055e-01
2.544334828853607178e-01
2.283500134944915771e-01
1.993314623832702637e-01
1.990037858486175537e-01
2.094175070524215698e-01
1.875629127025604248e-01
2.147898375988006592e-01
2.006265819072723389e-01
1.988562941551208496e-01
1.933158040046691895e-01
2.191426157951354980e-01
2.424725890159606934e-01
2.095929831266403198e-01
2.275412231683731079e-01
2.025311291217803955e-01
1.816559135913848877e-01
2.115588337182998657e-01
1.791697740554809570e-01
1.987395286560058594e-01
2.024920582771301270e-01
2.048489153385162354e-01
2.126676142215728760e-01
2.401090115308761597e-01
2.130391299724578857e-01
2.044017612934112549e-01
2.001383155584335327e-01
2.099004089832305908e-01
1.910988390445709229e-01
1.791969835758209229e-01
2.108235508203506470e-01
2.065340280532836914e-01
2.012371569871902466e-01
2.003511786460876465e-01
2.024172246456146240e-01
2.347947955131530762e-01
2.093985974788665771e-01
2.141735404729843140e-01
2.011235803365707397e-01
2.560720741748809814e-01
1.802249699831008911e-01
2.091732025146484375e-01
2.179324626922607422e-01
1.878377497196197510e-01
1.990147531032562256e-01
1.934171617031097412e-01
1.914772391319274902e-01
1.886548995971679688e-01
1.840381026268005371e-01
2.050536870956420898e-01
1.905252337455749512e-01
1.941705942153930664e-01
1.879839897155761719e-01
2.196768224239349365e-01
2.190295755863189697e-01
2.078169882297515869e-01
2.160084545612335205e-01
1.923539191484451294e-01
2.155564427375793457e-01
2.174968272447586060e-01
1.999962180852890015e-01
1.969082057476043701e-01
1.869969516992568970e-01
2.104864269495010376e-01
2.168117761611938477e-01
1.809172779321670532e-01
1.955601274967193604e-01
1.939907968044281006e-01
2.108446359634399414e-01
2.475430965423583984e-01
1.850465834140777588e-01
2.211844027042388916e-01
2.049006968736648560e-01
2.311892211437225342e-01
2.025975435972213745e-01
1.786257326602935791e-01
2.040744274854660034e-01
1.993853300809860229e-01
2.109252959489822388e-01
2.240148037672042847e-01
1.985571980476379395e-01
2.273242771625518799e-01
2.113960385322570801e-01
2.045616507530212402e-01
2.161839604377746582e-01
2.225134968757629395e-01
2.203916311264038086e-01
2.348395586013793945e-01
2.203096598386764526e-01
1.980437040328979492e-01
2.050145417451858521e-01
1.916458308696746826e-01
2.077136933803558350e-01
1.833683252334594727e-01
2.579290270805358887e-01
2.135995328426361084e-01
2.091842442750930786e-01
1.995239853858947754e-01
2.177971303462982178e-01
1.936271190643310547e-01
2.250148802995681763e-01
1.995045244693756104e-01
2.129161357879638672e-01
2.034133821725845337e-01
2.065426707267761230e-01
2.143152356147766113e-01
2.120447456836700439e-01
1.911074519157409668e-01
2.052562534809112549e-01
2.099907994270324707e-01
2.267019450664520264e-01
2.341592758893966675e-01
2.250036001205444336e-01
2.416101694107055664e-01
2.058895528316497803e-01
1.848899424076080322e-01
2.061510980129241943e-01
2.665528655052185059e-01
2.576808333396911621e-01
2.157011777162551880e-01
1.974926590919494629e-01
2.089499235153198242e-01
2.082759439945220947e-01
1.875897049903869629e-01
1.821936070919036865e-01
1.971326768398284912e-01
1.855854243040084839e-01
2.000656127929687500e-01
2.024601548910140991e-01
2.086083739995956421e-01
1.987083554267883301e-01
2.435690462589263916e-01
1.703691333532333374e-01
2.072061598300933838e-01
2.041103839874267578e-01
2.359938621520996094e-01
2.153497338294982910e-01
2.060481011867523193e-01
1.820388585329055786e-01
2.002721428871154785e-01
2.021451890468597412e-01
1.985369026660919189e-01
2.110829651355743408e-01
1.794809401035308838e-01
2.644431293010711670e-01
1.937017142772674561e-01
2.109620869159698486e-01
2.042088210582733154e-01
2.036615163087844849e-01
2.296902388334274292e-01
1.916279494762420654e-01
2.537817358970642090e-01
1.954875737428665161e-01
2.664861679077148438e-01
1.829973310232162476e-01
1.824546754360198975e-01
1.737681478261947632e-01
1.957606077194213867e-01
2.135778516530990601e-01
2.010483741760253906e-01
1.753179132938385010e-01
2.124958038330078125e-01
2.119459211826324463e-01
2.173336893320083618e-01
2.224648743867874146e-01
2.298473715782165527e-01
1.965747922658920288e-01
2.033939063549041748e-01
1.885973215103149414e-01
2.105137705802917480e-01
2.272953689098358154e-01
2.203521579504013062e-01
1.826955527067184448e-01
2.266323864459991455e-01
1.814287155866622925e-01
2.117812037467956543e-01
1.971925795078277588e-01
2.112274765968322754e-01
2.137626409530639648e-01
1.852000951766967773e-01
2.114513069391250610e-01
2.155236601829528809e-01
2.082037925720214844e-01
2.162358313798904419e-01
1.733943670988082886e-01
1.972782313823699951e-01
1.963274478912353516e-01
2.053412199020385742e-01
2.065228223800659180e-01
2.121978700160980225e-01
1.859226971864700317e-01
1.856985092163085938e-01
2.049276530742645264e-01
2.074584364891052246e-01
2.126248031854629517e-01
1.870010346174240112e-01
2.003265619277954102e-01
2.020400464534759521e-01
1.964813172817230225e-01
1.948243826627731323e-01
2.064897418022155762e-01
2.052704691886901855e-01
2.214234024286270142e-01
2.517533302307128906e-01
2.182836532592773438e-01
1.902742683887481689e-01
1.912504583597183228e-01
2.168894410133361816e-01
1.784743815660476685e-01
2.302645742893218994e-01
2.160965502262115479e-01
2.108661234378814697e-01
1.792500913143157959e-01
2.204976379871368408e-01
1.854749172925949097e-01
2.014790773391723633e-01
2.100381553173065186e-01
2.343067228794097900e-01
2.117936611175537109e-01
2.132182568311691284e-01
2.020569741725921631e-01
2.196326702833175659e-01
1.873549073934555054e-01
2.387270480394363403e-01
2.100928723812103271e-01
2.106832861900329590e-01
2.029606103897094727e-01
2.141107916831970215e-01
1.878752857446670532e-01
2.436864972114562988e-01
2.309057414531707764e-01
2.225484400987625122e-01
1.970544904470443726e-01
2.467144280672073364e-01
2.348046004772186279e-01
2.082741856575012207e-01
2.352527081966400146e-01
1.986053287982940674e-01
2.158548831939697266e-01
2.124947905540466309e-01
2.290425747632980347e-01
1.987311542034149170e-01
2.060385346412658691e-01
1.813749819993972778e-01
1.816247403621673584e-01
1.909148097038269043e-01
2.089106440544128418e-01
2.042495310306549072e-01
1.965359002351760864e-01
1.969268471002578735e-01
1.842730343341827393e-01
2.056496590375900269e-01
2.264617979526519775e-01
2.078145146369934082e-01
2.206723690032958984e-01
1.966077089309692383e-01
2.113152444362640381e-01
1.839492022991180420e-01
2.093356251716613770e-01
2.286381125450134277e-01
2.175418883562088013e-01
1.990138888359069824e-01
2.241646796464920044e-01
1.919344067573547363e-01
1.898996531963348389e-01
2.035946547985076904e-01
1.969223022460937500e-01
1.938988268375396729e-01
2.130737453699111938e-01
1.858460307121276855e-01
1.901520043611526489e-01
2.020893394947052002e-01
2.055925130844116211e-01
2.352988123893737793e-01
2.095683217048645020e-01
2.001092433929443359e-01
2.171314358711242676e-01
2.137832641601562500e-01
2.316227555274963379e-01
1.951723694801330566e-01
2.165195494890213013e-01
2.007485479116439819e-01
2.509303689002990723e-01
1.944949924945831299e-01
2.293659150600433350e-01
2.179135978221893311e-01
2.176842540502548218e-01
2.061266899108886719e-01
2.164505422115325928e-01
1.742567867040634155e-01
2.439378350973129272e-01
1.860587447881698608e-01
2.050183415412902832e-01
2.042889595031738281e-01
2.135499119758605957e-01
1.897170543670654297e-01
2.153084874153137207e-01
2.059761881828308105e-01
2.109750211238861084e-01
2.016564160585403442e-01
2.085600197315216064e-01
1.802333891391754150e-01
2.200507819652557373e-01
2.250464111566543579e-01
2.060097754001617432e-01
1.868594139814376831e-01
2.091832160949707031e-01
1.804018318653106689e-01
2.163641154766082764e-01
1.858340054750442505e-01
1.974902153015136719e-01
2.407934069633483887e-01
2.237251847982406616e-01
1.892748475074768066e-01
1.973818242549896240e-01
1.997367739677429199e-01
2.234910726547241211e-01
2.055180966854095459e-01
1.855055093765258789e-01
2.009324133396148682e-01
2.327429652214050293e-01
1.975502669811248779e-01
1.995578408241271973e-01
1.925449073314666748e-01
2.178955972194671631e-01
2.319437563419342041e-01
1.986351311206817627e-01
1.807702779769897461e-01
2.046691179275512695e-01
1.915860474109649658e-01
1.884794682264328003e-01
1.913432478904724121e-01
2.510451674461364746e-01
1.979787647724151611e-01
2.028957903385162354e-01
2.215005159378051758e-01
2.109918892383575439e-01
2.174432277679443359e-01
1.942792534828186035e-01
2.166397422552108765e-01
2.095800787210464478e-01
1.905434131622314453e-01
1.966147869825363159e-01
2.110362052917480469e-01
2.527850270271301270e-01
1.900512576103210449e-01
2.118223607540130615e-01
1.935210227966308594e-01
2.242453098297119141e-01
2.132589370012283325e-01
2.119768261909484863e-01
1.892899721860885620e-01
1.931168138980865479e-01
2.114507257938385010e-01
1.912748068571090698e-01
1.957364976406097412e-01
1.832967698574066162e-01
2.038258016109466553e-01
2.038470804691314697e-01
2.042033374309539795e-01
1.969327479600906372e-01
2.205063402652740479e-01
2.213636934757232666e-01
2.042296826839447021e-01
2.163887917995452881e-01
1.889637410640716553e-01
1.717848777770996094e-01
2.162280082702636719e-01
1.981787681579589844e-01
2.268141359090805054e-01
2.221240401268005371e-01
2.225663512945175171e-01
2.132904827594757080e-01
2.055654823780059814e-01
2.100357711315155029e-01
2.044953256845474243e-01
1.932474970817565918e-01
1.913771629333496094e-01
2.342407703399658203e-01
1.899497956037521362e-01
2.002752125263214111e-01
1.922197043895721436e-01
2.038390487432479858e-01
2.208985090255737305e-01
2.356054186820983887e-01
2.033137828111648560e-01
1.879635453224182129e-01
1.852572858333587646e-01
2.149400711059570312e-01
1.846188306808471680e-01
1.960510760545730591e-01
2.118112146854400635e-01
2.002110481262207031e-01
1.947799324989318848e-01
1.860604882240295410e-01
2.380169332027435303e-01
1.864396780729293823e-01
2.264876067638397217e-01
2.202222347259521484e-01
2.371999770402908325e-01
2.100674808025360107e-01
2.352674901485443115e-01
2.190085053443908691e-01
2.396596074104309082e-01
2.305607795715332031e-01
2.245955765247344971e-01
1.773790568113327026e-01
1.898361444473266602e-01
1.879895627498626709e-01
2.227114886045455933e-01
2.067877054214477539e-01
2.226949632167816162e-01
1.724887788295745850e-01
2.399324476718902588e-01
1.938550174236297607e-01
2.073639929294586182e-01
1.783978641033172607e-01
2.156643569469451904e-01
1.982186436653137207e-01
2.148282825946807861e-01
2.003428339958190918e-01
1.921822875738143921e-01
1.966208815574645996e-01
2.178779393434524536e-01
2.058394849300384521e-01
2.258198261260986328e-01
2.192489206790924072e-01
1.722341328859329224e-01
2.090936154127120972e-01
2.129076421260833740e-01
1.969784200191497803e-01
1.959559768438339233e-01
2.670207321643829346e-01
1.910331547260284424e-01
2.578468024730682373e-01
1.878873556852340698e-01
2.270301580429077148e-01
2.261099517345428467e-01
2.818908691406250000e-01
2.056861519813537598e-01
2.258598059415817261e-01
1.978309750556945801e-01
2.525949776172637939e-01
2.288837134838104248e-01
2.414587736129760742e-01
2.074288129806518555e-01
2.433449625968933105e-01
2.159610688686370850e-01
2.307813465595245361e-01
1.828920096158981323e-01
2.320150434970855713e-01
1.935832947492599487e-01
2.246882915496826172e-01
2.051672041416168213e-01
2.244500219821929932e-01
1.663137972354888916e-01
2.210804224014282227e-01
1.974761486053466797e-01
1.958388686180114746e-01
2.009881883859634399e-01
2.059967219829559326e-01
1.908072978258132935e-01
2.021512091159820557e-01
1.927749514579772949e-01
1.998923271894454956e-01
1.837691515684127808e-01
1.976210772991180420e-01
1.904256045818328857e-01
1.845499724149703979e-01
2.055892348289489746e-01
2.244722843170166016e-01
1.848734319210052490e-01
2.046295702457427979e-01
1.890647858381271362e-01
1.792388558387756348e-01
2.002519071102142334e-01
1.950790286064147949e-01
1.732369661331176758e-01
2.052109986543655396e-01
1.970928758382797241e-01
2.071312367916107178e-01
1.905149817466735840e-01
1.817032843828201294e-01
2.015816271305084229e-01
1.830629110336303711e-01
2.065432965755462646e-01
1.941639184951782227e-01
1.963160634040832520e-01
2.134304344654083252e-01
2.022707760334014893e-01
1.982346475124359131e-01
1.968191862106323242e-01
2.073148190975189209e-01
1.873039603233337402e-01
2.136462926864624023e-01
1.999218463897705078e-01
1.853864043951034546e-01
2.110306173563003540e-01
1.731464862823486328e-01
1.916990578174591064e-01
1.825523078441619873e-01
1.869729757308959961e-01
1.692950278520584106e-01
1.728713214397430420e-01
1.831874102354049683e-01
1.832049190998077393e-01
2.068870812654495239e-01
1.920887827873229980e-01
1.847261041402816772e-01
1.862595379352569580e-01
1.881012916564941406e-01
1.906700134277343750e-01
2.097815275192260742e-01
1.823511421680450439e-01
1.940352767705917358e-01
1.733783781528472900e-01
1.935407221317291260e-01
1.875078380107879639e-01
1.854506134986877441e-01
1.810991764068603516e-01
1.640600562095642090e-01
1.789884865283966064e-01
1.713395714759826660e-01
2.011299878358840942e-01
2.008697688579559326e-01
2.000793218612670898e-01
2.071375995874404907e-01
1.981376409530639648e-01
1.812480688095092773e-01
1.889347285032272339e-01
2.337932884693145752e-01
1.998795866966247559e-01
1.887838840484619141e-01
1.646199673414230347e-01
1.650243550539016724e-01
2.047058641910552979e-01
1.687303483486175537e-01
1.914272308349609375e-01
1.770830452442169189e-01
1.839988976716995239e-01
1.953064948320388794e-01
1.960972845554351807e-01
1.854775249958038330e-01
1.977436244487762451e-01
2.110192328691482544e-01
2.483765482902526855e-01
1.723884940147399902e-01
1.953116357326507568e-01
1.656583249568939209e-01
1.780534386634826660e-01
1.677776128053665161e-01
1.940586268901824951e-01
1.657106280326843262e-01
1.739450097084045410e-01
1.868716478347778320e-01
1.673383414745330811e-01
1.654710471630096436e-01
1.823341846466064453e-01
1.946880519390106201e-01
1.920294761657714844e-01
1.701430678367614746e-01
1.859105229377746582e-01
1.813381910324096680e-01
1.695743501186370850e-01
1.969799399375915527e-01
1.844885349273681641e-01
1.823939085006713867e-01
1.889370381832122803e-01
1.673439145088195801e-01
1.706403642892837524e-01
1.931193023920059204e-01
1.813319623470306396e-01
1.909176111221313477e-01
1.823041141033172607e-01
1.689272969961166382e-01
2.124968469142913818e-01
1.765525043010711670e-01
1.840289831161499023e-01
1.799157857894897461e-01
1.680282652378082275e-01
1.777748763561248779e-01
1.838519573211669922e-01
1.684922873973846436e-01
1.660355925559997559e-01
1.745529770851135254e-01
1.783954203128814697e-01
1.865472644567489624e-01
1.800462007522583008e-01
1.781067848205566406e-01
1.746391654014587402e-01
1.711582690477371216e-01
1.643415242433547974e-01
1.998242139816284180e-01
1.627205163240432739e-01
1.733042299747467041e-01
1.830224394798278809e-01
1.767563819885253906e-01
1.565787196159362793e-01
1.656142026185989380e-01
1.591614782810211182e-01
1.647691428661346436e-01
1.761123239994049072e-01
1.879200041294097900e-01
1.775342375040054321e-01
1.518471539020538330e-01
1.532014608383178711e-01
1.538694798946380615e-01
1.463024914264678955e-01
1.478493511676788330e-01
1.447596251964569092e-01
1.634422689676284790e-01
1.678992062807083130e-01
1.645870506763458252e-01
1.526661366224288940e-01
1.496144682168960571e-01
1.378159672021865845e-01
1.621610820293426514e-01
1.497802734375000000e-01
1.839375197887420654e-01
1.817041933536529541e-01
1.948592513799667358e-01
1.801222264766693115e-01
1.883076280355453491e-01
1.500234156847000122e-01
1.403297483921051025e-01
1.670228987932205200e-01
1.656427979469299316e-01
1.600036919116973877e-01
1.847394853830337524e-01
1.497252583503723145e-01
1.403041183948516846e-01
1.643680632114410400e-01
1.707437634468078613e-01
1.573705822229385376e-01
1.575544774532318115e-01
1.658312529325485229e-01
1.804804950952529907e-01
2.144007980823516846e-01
1.674557030200958252e-01
1.929222196340560913e-01
1.761710047721862793e-01
1.846767216920852661e-01
1.649374365806579590e-01
1.763888001441955566e-01
1.567234992980957031e-01
1.435383558273315430e-01
1.799859106540679932e-01
1.610195636749267578e-01
1.340679377317428589e-01
1.802451014518737793e-01
1.554101854562759399e-01
1.433610916137695312e-01
1.562929302453994751e-01
1.373601108789443970e-01
1.641137152910232544e-01
1.474551558494567871e-01
1.652280986309051514e-01
1.552875488996505737e-01
1.557634174823760986e-01
1.774007081985473633e-01
1.617850661277770996e-01
1.490847915410995483e-01
1.580953299999237061e-01
1.541466116905212402e-01
1.409079730510711670e-01
1.437178999185562134e-01
1.491139829158782959e-01
1.580563634634017944e-01
1.781000494956970215e-01
1.479215472936630249e-01
1.569457799196243286e-01
1.626021265983581543e-01
1.490500718355178833e-01
1.597921252250671387e-01
1.332391798496246338e-01
1.514821946620941162e-01
1.362122446298599243e-01
1.567195802927017212e-01
1.475321054458618164e-01
1.454176306724548340e-01
1.583108901977539062e-01
1.597798466682434082e-01
1.558957993984222412e-01
1.548886597156524658e-01
1.428921669721603394e-01
1.724923253059387207e-01
1.427774131298065186e-01
1.686841100454330444e-01
1.515113413333892822e-01
1.755475401878356934e-01
1.570821702480316162e-01
1.563429236412048340e-01
1.483301073312759399e-01
1.361487358808517456e-01
1.584564447402954102e-01
1.421175301074981689e-01
1.707690060138702393e-01
1.525007486343383789e-01
1.636732369661331177e-01
1.659705936908721924e-01
1.329072415828704834e-01
1.465863883495330811e-01
1.773882806301116943e-01
1.464700698852539062e-01
1.649541854858398438e-01
1.618463397026062012e-01
1.972485333681106567e-01
1.657082736492156982e-01
1.617211550474166870e-01
1.503097116947174072e-01
1.555853933095932007e-01
1.509581059217453003e-01
1.677919924259185791e-01
1.629012227058410645e-01
1.679623723030090332e-01
1.577034294605255127e-01
1.493515074253082275e-01
1.595541536808013916e-01
1.557347178459167480e-01
1.481233835220336914e-01
1.505264341831207275e-01
1.507939994335174561e-01
1.309543848037719727e-01
1.547630876302719116e-01
1.423085778951644897e-01
1.861088275909423828e-01
1.460751593112945557e-01
1.572556495666503906e-01
1.493232697248458862e-01
1.534996777772903442e-01
1.470208317041397095e-01
1.693928390741348267e-01
1.411830484867095947e-01
1.697647124528884888e-01
1.390951871871948242e-01
1.670626401901245117e-01
1.303800791501998901e-01
1.552141904830932617e-01
1.479939669370651245e-01
1.290463656187057495e-01
1.516939550638198853e-01
1.547969579696655273e-01
1.562012732028961182e-01
1.388386189937591553e-01
1.554017961025238037e-01
1.396038234233856201e-01
1.448720395565032959e-01
1.511498689651489258e-01
1.721764802932739258e-01
1.450914293527603149e-01
1.583681851625442505e-01
1.404536664485931396e-01
1.586941480636596680e-01
1.454920172691345215e-01
1.396922320127487183e-01
1.660156548023223877e-01
1.567891836166381836e-01
1.568391323089599609e-01
1.447088122367858887e-01
1.546474695205688477e-01
1.431186199188232422e-01
1.659728884696960449e-01
1.506663560867309570e-01
1.330774128437042236e-01
1.399854719638824463e-01
1.676591336727142334e-01
1.415670067071914673e-01
1.628248393535614014e-01
1.541213095188140869e-01
1.312584280967712402e-01
1.433967500925064087e-01
1.396789103746414185e-01
1.469032168388366699e-01
1.630711853504180908e-01
1.406156867742538452e-01
1.294595897197723389e-01
1.806565970182418823e-01
1.487965285778045654e-01
1.452300995588302612e-01
1.491071879863739014e-01
1.456001251935958862e-01
1.420999169349670410e-01
1.359917670488357544e-01
1.825111806392669678e-01
1.582014560699462891e-01
1.582569777965545654e-01
1.700341701507568359e-01
1.395015418529510498e-01
1.549250483512878418e-01
1.395073831081390381e-01
1.596794575452804565e-01
1.384057700634002686e-01
1.452692151069641113e-01
1.341404765844345093e-01
1.394532024860382080e-01
1.343492418527603149e-01
1.602079421281814575e-01
1.491514593362808228e-01
1.576088219881057739e-01
1.448306888341903687e-01
1.492656469345092773e-01
1.598089337348937988e-01
1.302638798952102661e-01
1.405079364776611328e-01
1.458302438259124756e-01
1.619591712951660156e-01
1.373256146907806396e-01
1.556167751550674438e-01
1.515680551528930664e-01
1.545005589723587036e-01
1.392314434051513672e-01
1.387343108654022217e-01
1.288837343454360962e-01
1.312725096940994263e-01
1.466201245784759521e-01
1.507022529840469360e-01
1.383852064609527588e-01
1.286135911941528320e-01
1.552074849605560303e-01
1.428861916065216064e-01
1.415584385395050049e-01
1.552849113941192627e-01
1.524528861045837402e-01
1.603737771511077881e-01
1.276101768016815186e-01
1.553196012973785400e-01
1.383447200059890747e-01
1.625484079122543335e-01
1.352064758539199829e-01
1.386569440364837646e-01
1.436866819858551025e-01
1.603713184595108032e-01
1.611022055149078369e-01
1.630550622940063477e-01
1.470925807952880859e-01
1.215366870164871216e-01
1.377238929271697998e-01
1.464424133300781250e-01
1.501174122095108032e-01
1.413809061050415039e-01
1.661149859428405762e-01
1.455045342445373535e-01
1.409717947244644165e-01
1.537600904703140259e-01
1.319838166236877441e-01
1.611130535602569580e-01
1.572278738021850586e-01
1.362973749637603760e-01
1.431047320365905762e-01
1.445132195949554443e-01
1.452387869358062744e-01
1.279605329036712646e-01
1.435448378324508667e-01
1.385174095630645752e-01
1.625890135765075684e-01
1.444173753261566162e-01
1.609615385532379150e-01
1.675071716308593750e-01
1.416168808937072754e-01
1.459179520606994629e-01
1.382442414760589600e-01
1.435610353946685791e-01
1.413241326808929443e-01
1.440413892269134521e-01
1.304687261581420898e-01
1.515133082866668701e-01
1.330182105302810669e-01
1.510859131813049316e-01
1.319807916879653931e-01
1.343290060758590698e-01
1.243521422147750854e-01
1.558282226324081421e-01
1.585297286510467529e-01
1.404176652431488037e-01
1.329341232776641846e-01
1.432154476642608643e-01
1.361850202083587646e-01
1.362610757350921631e-01
1.339799463748931885e-01
1.304521262645721436e-01
1.420164406299591064e-01
1.318900287151336670e-01
1.399416327476501465e-01
1.402392387390136719e-01
1.375881582498550415e-01
1.361590921878814697e-01
1.446847319602966309e-01
1.555306315422058105e-01
1.361326277256011963e-01
1.607568562030792236e-01
1.329571753740310669e-01
1.362359225749969482e-01
1.465340703725814819e-01
1.397240161895751953e-01
1.411438882350921631e-01
1.599449217319488525e-01
1.490986645221710205e-01
1.236972808837890625e-01
1.420947611331939697e-01
1.471482664346694946e-01
1.505501717329025269e-01
1.234395802021026611e-01
1.600393056869506836e-01
1.565768122673034668e-01
1.406284421682357788e-01
1.348317563533782959e-01
1.380180716514587402e-01
1.435877680778503418e-01
1.398953795433044434e-01
1.262617856264114380e-01
1.281241327524185181e-01
1.424554586410522461e-01
1.358838677406311035e-01
1.329790949821472168e-01
1.402396410703659058e-01
1.270009279251098633e-01
1.350891590118408203e-01
1.334368884563446045e-01
1.215094923973083496e-01
1.338475346565246582e-01
1.485533565282821655e-01
1.349432468414306641e-01
1.601127833127975464e-01
1.822703778743743896e-01
1.355946660041809082e-01
1.341558843851089478e-01
1.273020803928375244e-01
1.454771757125854492e-01
1.447904407978057861e-01
1.171057373285293579e-01
1.400549262762069702e-01
1.299604475498199463e-01
1.336368918418884277e-01
1.514871418476104736e-01
1.305845677852630615e-01
1.351878345012664795e-01
1.438688784837722778e-01
1.213220953941345215e-01
1.378742456436157227e-01
1.374469995498657227e-01
1.304761171340942383e-01
1.354647576808929443e-01
1.415511220693588257e-01
1.561637818813323975e-01
1.316876709461212158e-01
1.304188966751098633e-01
1.332887262105941772e-01
1.383085846900939941e-01
1.402859091758728027e-01
1.376845836639404297e-01
1.369011253118515015e-01
1.396515667438507080e-01
1.359282881021499634e-01
1.332384347915649414e-01
1.372587233781814575e-01
1.376667320728302002e-01
1.500054299831390381e-01
1.408882737159729004e-01
1.246516257524490356e-01
1.264563351869583130e-01
1.297197043895721436e-01
1.213602572679519653e-01
1.373650282621383667e-01
1.290923058986663818e-01
1.525104194879531860e-01
1.305298656225204468e-01
1.389791965484619141e-01
1.573350280523300171e-01
1.387217938899993896e-01
1.223123148083686829e-01
1.568648219108581543e-01
1.320371776819229126e-01
1.491275280714035034e-01
1.318975985050201416e-01
1.449945122003555298e-01
1.385669708251953125e-01
1.403990983963012695e-01
1.404506862163543701e-01
1.276151537895202637e-01
1.370898783206939697e-01
1.326367557048797607e-01
1.254822462797164917e-01
1.280759871006011963e-01
1.303040087223052979e-01
1.513275355100631714e-01
1.362217664718627930e-01
1.455891728401184082e-01
1.329590231180191040e-01
1.153684034943580627e-01
1.296640038490295410e-01
1.375660449266433716e-01
1.251868903636932373e-01
1.201623678207397461e-01
1.273839473724365234e-01
1.319495886564254761e-01
1.203316301107406616e-01
1.440660953521728516e-01
1.253343373537063599e-01
1.588445901870727539e-01
1.528369486331939697e-01
1.220594346523284912e-01
1.263060420751571655e-01
1.243590563535690308e-01
1.565096676349639893e-01
1.445964127779006958e-01
1.308259218931198120e-01
1.195463389158248901e-01
1.251827329397201538e-01
1.325325220823287964e-01
1.381290256977081299e-01
1.321649551391601562e-01
1.341169774532318115e-01
1.306186914443969727e-01
1.196003258228302002e-01
1.253340095281600952e-01
1.148296892642974854e-01
1.520772427320480347e-01
1.372194737195968628e-01
1.205351054668426514e-01
1.393084228038787842e-01
1.387549787759780884e-01
1.349473297595977783e-01
1.339242905378341675e-01
1.172668784856796265e-01
1.292144209146499634e-01
1.467407047748565674e-01
1.421113312244415283e-01
1.325435191392898560e-01
1.280096769332885742e-01
1.442542821168899536e-01
1.206638067960739136e-01
1.276838481426239014e-01
1.499871015548706055e-01
1.275849640369415283e-01
1.170773282647132874e-01
1.282714456319808960e-01
1.342172026634216309e-01
1.236226260662078857e-01
1.202817261219024658e-01
1.289905011653900146e-01
1.464255899190902710e-01
1.238436847925186157e-01
1.223896145820617676e-01
1.538118422031402588e-01
1.295328140258789062e-01
1.408948153257369995e-01
1.103523820638656616e-01
1.573073565959930420e-01
1.323618143796920776e-01
1.354366987943649292e-01
1.355847716331481934e-01
1.368675976991653442e-01
1.205999925732612610e-01
1.474796235561370850e-01
1.363473832607269287e-01
1.219873353838920593e-01
1.332362592220306396e-01
1.310398280620574951e-01
1.322400569915771484e-01
1.381044089794158936e-01
1.315137296915054321e-01
1.194761246442794800e-01
1.333400905132293701e-01
1.352316439151763916e-01
1.160282939672470093e-01
1.162912026047706604e-01
1.290202736854553223e-01
