1.020335483551025391e+01
8.897344589233398438e+00
9.212485313415527344e+00
7.468023777008056641e+00
9.964603424072265625e+00
1.062280178070068359e+01
8.896326065063476562e+00
9.534030914306640625e+00
9.473635673522949219e+00
1.050651741027832031e+01
9.195158958435058594e+00
8.826580047607421875e+00
1.109435462951660156e+01
9.344573020935058594e+00
1.007497978210449219e+01
9.247945785522460938e+00
1.040378379821777344e+01
8.776222229003906250e+00
9.654637336730957031e+00
8.692916870117187500e+00
9.118173599243164062e+00
9.469993591308593750e+00
1.054307556152343750e+01
9.094251632690429688e+00
9.193874359130859375e+00
8.670211791992187500e+00
1.009685134887695312e+01
9.304801940917968750e+00
8.260650634765625000e+00
8.545543670654296875e+00
7.800761222839355469e+00
9.282193183898925781e+00
9.234102249145507812e+00
7.944387912750244141e+00
8.831377029418945312e+00
7.711640357971191406e+00
6.924832820892333984e+00
6.172911643981933594e+00
6.864297866821289062e+00
4.791063308715820312e+00
3.735170364379882812e+00
3.466532707214355469e+00
2.310262203216552734e+00
1.327784538269042969e+00
1.549013614654541016e+00
2.514090538024902344e+00
2.850911140441894531e+00
2.965698957443237305e+00
3.015766143798828125e+00
2.367068529129028320e+00
2.140936851501464844e+00
1.243069052696228027e+00
1.133265972137451172e+00
9.397516250610351562e-01
1.327430248260498047e+00
1.279018640518188477e+00
1.610062479972839355e+00
1.626227021217346191e+00
1.488221049308776855e+00
1.626345753669738770e+00
1.218122720718383789e+00
1.146850109100341797e+00
1.122898340225219727e+00
8.753769993782043457e-01
8.920801877975463867e-01
9.714490175247192383e-01
1.018875122070312500e+00
1.179988622665405273e+00
1.249304771423339844e+00
1.108915328979492188e+00
8.526896238327026367e-01
1.002064108848571777e+00
8.872362375259399414e-01
8.631051778793334961e-01
8.739369511604309082e-01
8.808839321136474609e-01
9.042366743087768555e-01
8.176536560058593750e-01
9.268422722816467285e-01
7.841416597366333008e-01
7.001713514328002930e-01
8.484915494918823242e-01
7.343887090682983398e-01
6.852028369903564453e-01
6.896812915802001953e-01
7.124266028404235840e-01
8.562395572662353516e-01
7.044464945793151855e-01
6.802221536636352539e-01
7.089000940322875977e-01
6.095234155654907227e-01
6.777170896530151367e-01
6.897269487380981445e-01
6.876926422119140625e-01
6.283897757530212402e-01
6.472907662391662598e-01
7.458806633949279785e-01
7.336081862449645996e-01
7.555974125862121582e-01
6.139737367630004883e-01
6.833627223968505859e-01
6.515864133834838867e-01
7.246047258377075195e-01
7.251857519149780273e-01
7.668390870094299316e-01
6.700662374496459961e-01
6.431003808975219727e-01
6.026935577392578125e-01
6.970349550247192383e-01
5.778208971023559570e-01
6.263004541397094727e-01
6.264555454254150391e-01
4.916749000549316406e-01
6.667414903640747070e-01
5.977392196655273438e-01
6.234273910522460938e-01
6.743023395538330078e-01
6.282798051834106445e-01
6.436738967895507812e-01
6.206881403923034668e-01
5.982682108879089355e-01
8.015425205230712891e-01
6.338047385215759277e-01
5.701423883438110352e-01
7.340079545974731445e-01
6.138260364532470703e-01
6.243309378623962402e-01
6.349766850471496582e-01
6.807978153228759766e-01
6.629854440689086914e-01
5.804373621940612793e-01
7.291802763938903809e-01
6.306573748588562012e-01
6.854883432388305664e-01
6.979385614395141602e-01
5.373812913894653320e-01
7.895975112915039062e-01
6.095281243324279785e-01
7.113047242164611816e-01
6.674828529357910156e-01
5.244066715240478516e-01
6.309940814971923828e-01
6.119735836982727051e-01
6.212818622589111328e-01
7.270783185958862305e-01
5.856071114540100098e-01
4.962595105171203613e-01
5.818899869918823242e-01
6.231859326362609863e-01
5.614259839057922363e-01
5.686399340629577637e-01
5.723936557769775391e-01
5.217682123184204102e-01
6.260980963706970215e-01
5.771612524986267090e-01
5.742830038070678711e-01
5.967232584953308105e-01
5.513691902160644531e-01
5.421990752220153809e-01
4.780445694923400879e-01
4.928191900253295898e-01
4.892341494560241699e-01
5.921953916549682617e-01
5.606701970100402832e-01
5.594866871833801270e-01
5.753079056739807129e-01
5.269023180007934570e-01
6.139804124832153320e-01
5.866444110870361328e-01
5.586304664611816406e-01
4.569408297538757324e-01
5.118252038955688477e-01
4.978386759757995605e-01
4.716354906558990479e-01
4.973470866680145264e-01
5.500651001930236816e-01
5.570872426033020020e-01
4.872442483901977539e-01
5.422289967536926270e-01
5.037095546722412109e-01
5.368416309356689453e-01
5.193089246749877930e-01
5.112587809562683105e-01
5.486784577369689941e-01
5.212750434875488281e-01
5.191566348075866699e-01
5.918638110160827637e-01
5.326569676399230957e-01
5.384016633033752441e-01
5.957294106483459473e-01
5.215944051742553711e-01
5.281339287757873535e-01
5.043258070945739746e-01
6.036787033081054688e-01
4.886109828948974609e-01
6.015926003456115723e-01
6.024362444877624512e-01
4.502355456352233887e-01
5.207831859588623047e-01
4.484421014785766602e-01
5.066638588905334473e-01
5.054628849029541016e-01
5.385085344314575195e-01
5.394388437271118164e-01
4.861449301242828369e-01
5.320971012115478516e-01
5.782135725021362305e-01
5.063316226005554199e-01
4.473986029624938965e-01
5.545333027839660645e-01
5.326958894729614258e-01
5.325646400451660156e-01
4.669928848743438721e-01
4.802768826484680176e-01
4.977861046791076660e-01
5.212005972862243652e-01
4.905353188514709473e-01
5.534440279006958008e-01
4.415095448493957520e-01
4.926715493202209473e-01
4.709748625755310059e-01
5.008590817451477051e-01
5.121798515319824219e-01
4.789712429046630859e-01
5.090941786766052246e-01
4.551194906234741211e-01
4.930692911148071289e-01
5.204222202301025391e-01
5.263484716415405273e-01
5.100246667861938477e-01
5.156342983245849609e-01
5.096012353897094727e-01
4.909527301788330078e-01
5.642234683036804199e-01
4.790617823600769043e-01
5.458314418792724609e-01
5.256497859954833984e-01
5.209835767745971680e-01
5.427597165107727051e-01
5.209838151931762695e-01
5.098490118980407715e-01
4.487133324146270752e-01
5.001745223999023438e-01
5.421503782272338867e-01
5.492078065872192383e-01
5.316504836082458496e-01
4.854596257209777832e-01
4.719634056091308594e-01
4.760116934776306152e-01
4.571458697319030762e-01
5.362500548362731934e-01
4.667208790779113770e-01
5.145739316940307617e-01
4.873298704624176025e-01
4.885547161102294922e-01
5.237087011337280273e-01
4.976909458637237549e-01
5.269629955291748047e-01
4.765856862068176270e-01
5.103248357772827148e-01
4.256080985069274902e-01
5.071087479591369629e-01
5.233661532402038574e-01
4.516730308532714844e-01
4.556592702865600586e-01
4.187813401222229004e-01
5.497404336929321289e-01
4.593074321746826172e-01
4.288968443870544434e-01
4.750275909900665283e-01
4.631823897361755371e-01
4.483359456062316895e-01
4.920721650123596191e-01
4.301220774650573730e-01
4.365870952606201172e-01
4.298611581325531006e-01
5.259395837783813477e-01
4.369297027587890625e-01
4.315980672836303711e-01
4.567176103591918945e-01
5.022655725479125977e-01
4.924959540367126465e-01
4.585851132869720459e-01
4.332557320594787598e-01
4.491863846778869629e-01
4.771178364753723145e-01
4.504494965076446533e-01
4.039899110794067383e-01
4.487513899803161621e-01
4.486488699913024902e-01
4.669108688831329346e-01
4.976594746112823486e-01
4.690559804439544678e-01
4.532207250595092773e-01
4.859348535537719727e-01
4.018616676330566406e-01
4.195040464401245117e-01
4.945133328437805176e-01
4.822441339492797852e-01
4.628456830978393555e-01
4.354632794857025146e-01
4.544586241245269775e-01
5.488067269325256348e-01
4.347452223300933838e-01
4.981532692909240723e-01
4.852857589721679688e-01
4.974183440208435059e-01
4.152342677116394043e-01
4.560147523880004883e-01
4.865810275077819824e-01
5.094891190528869629e-01
4.294674992561340332e-01
4.211761057376861572e-01
4.483234584331512451e-01
4.837483465671539307e-01
4.359490275382995605e-01
4.244864881038665771e-01
4.853153824806213379e-01
5.054070949554443359e-01
5.014414787292480469e-01
4.505169689655303955e-01
4.166831970214843750e-01
4.813520312309265137e-01
4.435593187808990479e-01
4.068946242332458496e-01
4.373894333839416504e-01
4.281697273254394531e-01
4.283307790756225586e-01
3.770861923694610596e-01
5.200555324554443359e-01
4.473904073238372803e-01
4.692185223102569580e-01
5.012388229370117188e-01
4.191744923591613770e-01
4.276275336742401123e-01
4.553783535957336426e-01
3.709468245506286621e-01
4.861298799514770508e-01
4.253996610641479492e-01
4.561254680156707764e-01
4.287053942680358887e-01
4.150237441062927246e-01
4.179311990737915039e-01
4.654563069343566895e-01
5.415393710136413574e-01
3.961827456951141357e-01
4.666149020195007324e-01
4.425339698791503906e-01
4.256106615066528320e-01
4.401656091213226318e-01
4.313303530216217041e-01
4.705922305583953857e-01
4.712969660758972168e-01
5.416302680969238281e-01
4.654202461242675781e-01
4.426601529121398926e-01
4.532621502876281738e-01
4.730941653251647949e-01
4.194957613945007324e-01
4.518244862556457520e-01
4.927522540092468262e-01
4.248241186141967773e-01
4.312503337860107422e-01
4.164206981658935547e-01
4.264228343963623047e-01
4.198287725448608398e-01
4.312312006950378418e-01
3.760733604431152344e-01
4.293230473995208740e-01
4.532554745674133301e-01
4.857404232025146484e-01
4.277889728546142578e-01
4.599053859710693359e-01
4.423768520355224609e-01
4.358522891998291016e-01
4.540117084980010986e-01
4.226267635822296143e-01
3.984718918800354004e-01
4.518541991710662842e-01
4.562332630157470703e-01
3.791860342025756836e-01
4.941793084144592285e-01
4.166592359542846680e-01
4.911360740661621094e-01
3.885581493377685547e-01
4.142950773239135742e-01
4.483268857002258301e-01
5.062934756278991699e-01
4.172025322914123535e-01
4.789471030235290527e-01
3.904932141304016113e-01
4.660249650478363037e-01
4.228729009628295898e-01
4.691058695316314697e-01
4.433861374855041504e-01
4.706492722034454346e-01
4.429950714111328125e-01
4.238826930522918701e-01
4.315559267997741699e-01
3.894240856170654297e-01
4.469175934791564941e-01
4.062278270721435547e-01
4.037718772888183594e-01
4.584318399429321289e-01
3.988944292068481445e-01
4.442306160926818848e-01
5.119575262069702148e-01
4.268185198307037354e-01
4.846853613853454590e-01
4.353435635566711426e-01
4.324329197406768799e-01
4.903694391250610352e-01
4.547543525695800781e-01
4.095228612422943115e-01
4.516107439994812012e-01
4.419775307178497314e-01
4.026942849159240723e-01
4.157871007919311523e-01
3.687453269958496094e-01
3.756883442401885986e-01
4.388587474822998047e-01
4.179983139038085938e-01
4.383365809917449951e-01
4.383193850517272949e-01
4.325340092182159424e-01
3.687060475349426270e-01
4.339967370033264160e-01
4.096454977989196777e-01
4.851885437965393066e-01
4.609626531600952148e-01
4.611696004867553711e-01
4.259453117847442627e-01
4.020448923110961914e-01
3.963831067085266113e-01
4.130371809005737305e-01
4.108163714408874512e-01
3.980712890625000000e-01
4.320356845855712891e-01
4.701384007930755615e-01
4.486584067344665527e-01
4.676818251609802246e-01
3.882617354393005371e-01
3.846336007118225098e-01
4.030372202396392822e-01
4.308677911758422852e-01
4.542442560195922852e-01
4.568072557449340820e-01
4.016312956809997559e-01
4.136915206909179688e-01
4.377290904521942139e-01
4.131942391395568848e-01
3.920881748199462891e-01
3.483588397502899170e-01
4.262768030166625977e-01
4.494492411613464355e-01
3.996767103672027588e-01
3.549976348876953125e-01
4.043511152267456055e-01
4.071748852729797363e-01
3.823225796222686768e-01
4.427011609077453613e-01
3.822181820869445801e-01
4.086374044418334961e-01
3.941602110862731934e-01
3.812943100929260254e-01
4.185562729835510254e-01
4.274060726165771484e-01
4.350864291191101074e-01
3.635756671428680420e-01
3.720373809337615967e-01
3.925764560699462891e-01
3.864731788635253906e-01
4.091284871101379395e-01
3.996380865573883057e-01
3.835398554801940918e-01
3.864945173263549805e-01
4.515276253223419189e-01
4.003941416740417480e-01
4.069005548954010010e-01
3.778148889541625977e-01
3.586606383323669434e-01
3.771993219852447510e-01
3.405711054801940918e-01
3.638074398040771484e-01
4.189182221889495850e-01
3.895697593688964844e-01
3.743650615215301514e-01
3.339789807796478271e-01
4.343676567077636719e-01
4.277565777301788330e-01
4.396375417709350586e-01
3.723053336143493652e-01
3.880487382411956787e-01
3.393768668174743652e-01
4.810676574707031250e-01
3.169349431991577148e-01
4.541281461715698242e-01
4.034533500671386719e-01
4.121265113353729248e-01
4.029512405395507812e-01
3.468504250049591064e-01
3.801420629024505615e-01
3.785368800163269043e-01
3.609453439712524414e-01
3.522386252880096436e-01
3.434224426746368408e-01
3.612359166145324707e-01
3.785471320152282715e-01
3.308276534080505371e-01
3.884552121162414551e-01
3.993042707443237305e-01
3.589530289173126221e-01
3.776786923408508301e-01
3.814725875854492188e-01
3.716545701026916504e-01
3.660914301872253418e-01
3.211986124515533447e-01
3.802388906478881836e-01
3.705445826053619385e-01
3.822346925735473633e-01
3.678723573684692383e-01
3.725274205207824707e-01
3.614926338195800781e-01
3.468247652053833008e-01
3.573681116104125977e-01
3.350517749786376953e-01
4.384924769401550293e-01
3.532750010490417480e-01
3.855299651622772217e-01
3.565028309822082520e-01
3.564814329147338867e-01
3.978247642517089844e-01
3.572911322116851807e-01
3.068387508392333984e-01
4.178892970085144043e-01
3.231122493743896484e-01
3.681911826133728027e-01
3.771689534187316895e-01
3.709886968135833740e-01
3.289840221405029297e-01
3.385801613330841064e-01
3.609840869903564453e-01
3.652109503746032715e-01
3.480215072631835938e-01
3.952361941337585449e-01
3.696960508823394775e-01
3.398189842700958252e-01
3.948558568954467773e-01
3.451133966445922852e-01
4.043207168579101562e-01
3.033608198165893555e-01
4.133461713790893555e-01
3.449015915393829346e-01
4.133840799331665039e-01
3.252269029617309570e-01
4.752831459045410156e-01
3.909174799919128418e-01
3.693748414516448975e-01
3.353482782840728760e-01
4.087574183940887451e-01
3.414359390735626221e-01
4.451268613338470459e-01
3.935106396675109863e-01
4.131437838077545166e-01
3.903319239616394043e-01
4.569652080535888672e-01
3.322332501411437988e-01
4.158228635787963867e-01
3.178450465202331543e-01
3.793630897998809814e-01
3.265839815139770508e-01
4.211183786392211914e-01
3.382585048675537109e-01
3.147080838680267334e-01
3.078577220439910889e-01
4.047066569328308105e-01
3.399512767791748047e-01
3.341976404190063477e-01
3.269650936126708984e-01
3.587536513805389404e-01
3.131203949451446533e-01
3.582182526588439941e-01
3.268171548843383789e-01
2.824332714080810547e-01
3.072444200515747070e-01
3.080580830574035645e-01
3.511168360710144043e-01
3.508800864219665527e-01
3.098387718200683594e-01
3.209370970726013184e-01
3.405853211879730225e-01
3.501619398593902588e-01
3.749917149543762207e-01
3.810810744762420654e-01
3.510780334472656250e-01
3.392876982688903809e-01
3.449486792087554932e-01
3.285816907882690430e-01
3.087841570377349854e-01
3.066388368606567383e-01
3.819437026977539062e-01
3.039333224296569824e-01
3.616100549697875977e-01
3.082689046859741211e-01
3.300524353981018066e-01
3.724473714828491211e-01
3.231441378593444824e-01
3.825318217277526855e-01
3.082716763019561768e-01
3.142260313034057617e-01
2.952505648136138916e-01
3.040886521339416504e-01
3.158437609672546387e-01
3.214364051818847656e-01
3.079923689365386963e-01
3.014204204082489014e-01
3.110444843769073486e-01
3.204495310783386230e-01
2.964772284030914307e-01
3.662931323051452637e-01
2.789390087127685547e-01
3.243522942066192627e-01
3.322780132293701172e-01
3.457677364349365234e-01
3.349112272262573242e-01
3.179963231086730957e-01
3.046344518661499023e-01
3.212287425994873047e-01
3.327790498733520508e-01
2.963352799415588379e-01
3.240208029747009277e-01
2.925781011581420898e-01
2.760739326477050781e-01
2.959810495376586914e-01
3.197011053562164307e-01
3.150360584259033203e-01
3.031012713909149170e-01
4.412493705749511719e-01
2.978497445583343506e-01
3.160897493362426758e-01
3.054932653903961182e-01
3.599268496036529541e-01
3.299073576927185059e-01
3.220875561237335205e-01
3.726963996887207031e-01
3.623825311660766602e-01
3.090887665748596191e-01
2.879667878150939941e-01
4.134895205497741699e-01
3.346567153930664062e-01
2.850570082664489746e-01
3.561844527721405029e-01
3.505331873893737793e-01
3.007383346557617188e-01
3.233163952827453613e-01
2.895685434341430664e-01
3.087309598922729492e-01
3.226742148399353027e-01
3.178905248641967773e-01
2.752574086189270020e-01
2.739051282405853271e-01
3.198000788688659668e-01
3.561375737190246582e-01
3.150721490383148193e-01
3.075616061687469482e-01
3.201946020126342773e-01
3.172675967216491699e-01
3.309092521667480469e-01
3.485521674156188965e-01
3.088445663452148438e-01
3.028083443641662598e-01
2.893388569355010986e-01
3.749680817127227783e-01
3.194261193275451660e-01
3.165012001991271973e-01
3.142263889312744141e-01
3.737902939319610596e-01
3.316607475280761719e-01
3.400006890296936035e-01
2.845026552677154541e-01
2.716392278671264648e-01
2.992662787437438965e-01
2.768970429897308350e-01
2.983573973178863525e-01
3.400715291500091553e-01
3.451315760612487793e-01
3.099437952041625977e-01
3.115622997283935547e-01
3.438295125961303711e-01
3.140824437141418457e-01
3.477480411529541016e-01
3.414881229400634766e-01
3.336043357849121094e-01
3.286085426807403564e-01
3.003512620925903320e-01
3.337761163711547852e-01
3.170610964298248291e-01
3.018666207790374756e-01
2.606810331344604492e-01
2.770970165729522705e-01
2.850050628185272217e-01
3.424119055271148682e-01
3.021291792392730713e-01
3.167502880096435547e-01
3.048550486564636230e-01
2.677776813507080078e-01
2.799198627471923828e-01
3.044674098491668701e-01
2.696982622146606445e-01
2.828243076801300049e-01
3.184919059276580811e-01
3.056356906890869141e-01
2.920186519622802734e-01
2.836612761020660400e-01
2.934931516647338867e-01
3.033285140991210938e-01
2.970510125160217285e-01
2.903606891632080078e-01
2.811965346336364746e-01
2.936629056930541992e-01
2.729433476924896240e-01
2.815229594707489014e-01
3.243340253829956055e-01
2.891421020030975342e-01
2.908214628696441650e-01
2.520454525947570801e-01
2.829163372516632080e-01
3.358352184295654297e-01
2.739551067352294922e-01
2.934308648109436035e-01
2.783615887165069580e-01
3.943999111652374268e-01
2.873776555061340332e-01
3.045486807823181152e-01
2.768273055553436279e-01
2.490960061550140381e-01
2.875654101371765137e-01
2.608794569969177246e-01
2.994014024734497070e-01
2.816617786884307861e-01
3.081643879413604736e-01
2.881048917770385742e-01
2.904374003410339355e-01
2.961420714855194092e-01
2.809009253978729248e-01
3.252536058425903320e-01
2.972186207771301270e-01
2.770992517471313477e-01
2.560798823833465576e-01
2.508114278316497803e-01
2.842890024185180664e-01
2.767047584056854248e-01
3.090334832668304443e-01
2.602466344833374023e-01
2.515817284584045410e-01
3.006089627742767334e-01
2.784953713417053223e-01
2.817505896091461182e-01
3.260756731033325195e-01
2.577115297317504883e-01
2.666088640689849854e-01
3.113746047019958496e-01
2.996032238006591797e-01
3.031494915485382080e-01
3.056113123893737793e-01
2.835022509098052979e-01
2.927834987640380859e-01
3.085370063781738281e-01
2.797060310840606689e-01
2.675266265869140625e-01
3.100462555885314941e-01
2.797102332115173340e-01
3.147323131561279297e-01
3.164198994636535645e-01
3.222392797470092773e-01
2.820852696895599365e-01
2.888463139533996582e-01
2.941674888134002686e-01
2.537170052528381348e-01
2.917619049549102783e-01
2.799084484577178955e-01
4.048502445220947266e-01
3.167927265167236328e-01
2.762658894062042236e-01
3.088386058807373047e-01
2.879838943481445312e-01
3.155146241188049316e-01
3.182445168495178223e-01
3.543518781661987305e-01
2.661068439483642578e-01
3.063585162162780762e-01
2.953316569328308105e-01
3.399648964405059814e-01
3.092346787452697754e-01
3.481722474098205566e-01
3.054703474044799805e-01
2.958478331565856934e-01
2.925383746623992920e-01
3.687927722930908203e-01
3.034135401248931885e-01
2.665712833404541016e-01
2.422748506069183350e-01
2.713917791843414307e-01
2.639614939689636230e-01
3.097749948501586914e-01
2.675918042659759521e-01
2.612416148185729980e-01
3.525968790054321289e-01
2.811362445354461670e-01
2.763603329658508301e-01
3.022003769874572754e-01
2.664259970188140869e-01
2.595127224922180176e-01
2.972767353057861328e-01
3.067642450332641602e-01
3.027573227882385254e-01
2.779575586318969727e-01
2.471103519201278687e-01
2.710081338882446289e-01
2.636490166187286377e-01
3.061411976814270020e-01
3.235647678375244141e-01
2.569094598293304443e-01
3.224155902862548828e-01
2.717873454093933105e-01
2.671923041343688965e-01
2.664592862129211426e-01
2.813486456871032715e-01
2.679049372673034668e-01
2.963369190692901611e-01
2.902524769306182861e-01
2.936139106750488281e-01
3.096139729022979736e-01
3.249171674251556396e-01
2.893039584159851074e-01
2.665746808052062988e-01
2.918763756752014160e-01
2.704112529754638672e-01
2.745747268199920654e-01
2.846998572349548340e-01
2.379188835620880127e-01
2.672047615051269531e-01
2.771168351173400879e-01
2.415822297334671021e-01
2.374237328767776489e-01
2.491886168718338013e-01
2.459878027439117432e-01
2.739951908588409424e-01
2.978850603103637695e-01
2.645912170410156250e-01
2.955977916717529297e-01
2.672635316848754883e-01
2.785910964012145996e-01
2.864386141300201416e-01
2.622163891792297363e-01
2.876416444778442383e-01
2.613907456398010254e-01
2.789725363254547119e-01
2.804647088050842285e-01
3.007646203041076660e-01
2.460051178932189941e-01
3.024062216281890869e-01
2.240694314241409302e-01
2.606439590454101562e-01
2.463434040546417236e-01
2.707557380199432373e-01
2.740550041198730469e-01
2.390863001346588135e-01
2.703478634357452393e-01
2.825196087360382080e-01
2.593542039394378662e-01
2.847040891647338867e-01
3.387420773506164551e-01
2.439606487751007080e-01
3.429182469844818115e-01
2.536672949790954590e-01
2.738068103790283203e-01
2.665198445320129395e-01
2.669292390346527100e-01
2.556538283824920654e-01
2.526031136512756348e-01
2.542288303375244141e-01
2.534368634223937988e-01
2.574002742767333984e-01
2.378070801496505737e-01
2.068577855825424194e-01
2.984877824783325195e-01
2.841327488422393799e-01
2.634806632995605469e-01
2.658468484878540039e-01
2.466205209493637085e-01
2.525260448455810547e-01
2.708830535411834717e-01
2.862460017204284668e-01
2.719147503376007080e-01
2.888292372226715088e-01
2.377714216709136963e-01
3.047945499420166016e-01
2.689605355262756348e-01
2.685202062129974365e-01
2.560830116271972656e-01
2.291392683982849121e-01
2.522961497306823730e-01
2.696579992771148682e-01
2.575799226760864258e-01
2.612043917179107666e-01
2.320539951324462891e-01
2.300276458263397217e-01
2.774388194084167480e-01
2.562454938888549805e-01
2.166558653116226196e-01
2.434113323688507080e-01
2.690334320068359375e-01
2.782995104789733887e-01
2.411856204271316528e-01
2.813302278518676758e-01
2.562665641307830811e-01
3.264554440975189209e-01
2.590833902359008789e-01
2.513963878154754639e-01
2.485717982053756714e-01
2.444852590560913086e-01
2.242099046707153320e-01
2.361601591110229492e-01
2.717140316963195801e-01
2.846993505954742432e-01
2.308860719203948975e-01
2.488938122987747192e-01
2.733796834945678711e-01
2.504487335681915283e-01
2.588852643966674805e-01
2.128758132457733154e-01
3.009346723556518555e-01
2.626592218875885010e-01
2.593547105789184570e-01
2.849324941635131836e-01
2.510665953159332275e-01
2.468931227922439575e-01
2.536484599113464355e-01
2.282694876194000244e-01
2.325977087020874023e-01
2.635741531848907471e-01
2.749855518341064453e-01
2.735040783882141113e-01
2.616300582885742188e-01
2.300923317670822144e-01
2.405317425727844238e-01
2.460528612136840820e-01
2.735772132873535156e-01
2.943616807460784912e-01
2.714830040931701660e-01
2.533064782619476318e-01
2.683003544807434082e-01
2.656928002834320068e-01
2.822676301002502441e-01
2.438772767782211304e-01
2.827440202236175537e-01
2.481822669506072998e-01
2.634418904781341553e-01
2.332597821950912476e-01
2.638204395771026611e-01
2.656589746475219727e-01
2.526467144489288330e-01
2.799106836318969727e-01
2.428101003170013428e-01
2.325991988182067871e-01
2.488398253917694092e-01
2.550912797451019287e-01
2.499795556068420410e-01
2.713997662067413330e-01
2.374190539121627808e-01
2.615823745727539062e-01
2.319339066743850708e-01
2.716179192066192627e-01
2.621885538101196289e-01
2.300310432910919189e-01
2.923026680946350098e-01
2.536922395229339600e-01
2.581282258033752441e-01
2.609465122222900391e-01
2.584617733955383301e-01
2.843450605869293213e-01
2.485946118831634521e-01
2.356619834899902344e-01
2.266855835914611816e-01
2.567039430141448975e-01
2.384816110134124756e-01
2.323953807353973389e-01
3.021607398986816406e-01
2.454777657985687256e-01
2.525463998317718506e-01
2.357657253742218018e-01
2.469608485698699951e-01
2.441131174564361572e-01
2.704946994781494141e-01
3.040387034416198730e-01
2.598255872726440430e-01
2.669742405414581299e-01
2.399857342243194580e-01
2.496017515659332275e-01
