1.089546680450439453e+01
1.013099384307861328e+01
1.033521270751953125e+01
1.517227458953857422e+01
1.645779037475585938e+01
1.848509788513183594e+01
1.715105056762695312e+01
1.351411724090576172e+01
1.117501735687255859e+01
9.365922927856445312e+00
8.571895599365234375e+00
8.821013450622558594e+00
9.182043075561523438e+00
7.543120384216308594e+00
7.967981338500976562e+00
6.044540882110595703e+00
3.923070430755615234e+00
3.604771375656127930e+00
2.770476102828979492e+00
2.653635025024414062e+00
2.803930759429931641e+00
3.700701236724853516e+00
3.919470310211181641e+00
3.748291730880737305e+00
3.289257526397705078e+00
2.306461811065673828e+00
2.297872781753540039e+00
2.016013622283935547e+00
2.102087259292602539e+00
1.818236470222473145e+00
2.498934984207153320e+00
2.592218160629272461e+00
2.282837629318237305e+00
2.047868967056274414e+00
2.159344434738159180e+00
2.138029336929321289e+00
1.525793313980102539e+00
1.910811901092529297e+00
2.187906980514526367e+00
1.773883104324340820e+00
1.983360052108764648e+00
2.162062406539916992e+00
1.979683637619018555e+00
1.751088976860046387e+00
1.891620993614196777e+00
2.175785779953002930e+00
1.556969642639160156e+00
1.569960594177246094e+00
1.472976684570312500e+00
1.511316418647766113e+00
1.656200051307678223e+00
1.305899858474731445e+00
1.472335577011108398e+00
1.735743284225463867e+00
1.907354950904846191e+00
1.615761756896972656e+00
1.333778738975524902e+00
1.913449525833129883e+00
1.741368055343627930e+00
1.490293502807617188e+00
1.612381100654602051e+00
1.825707793235778809e+00
1.823241591453552246e+00
1.570905923843383789e+00
1.340500593185424805e+00
1.720704555511474609e+00
1.577451467514038086e+00
1.398369312286376953e+00
1.412756323814392090e+00
1.749837875366210938e+00
1.972052216529846191e+00
1.477226614952087402e+00
1.704069733619689941e+00
1.732625961303710938e+00
1.645626783370971680e+00
1.404891014099121094e+00
1.405247807502746582e+00
1.599814772605895996e+00
1.553163051605224609e+00
1.526845455169677734e+00
1.415935516357421875e+00
1.505940437316894531e+00
1.341237664222717285e+00
1.208114266395568848e+00
1.381477594375610352e+00
1.294213891029357910e+00
1.698475360870361328e+00
1.283416509628295898e+00
1.409681200981140137e+00
1.507983565330505371e+00
1.977444052696228027e+00
1.554434537887573242e+00
1.427347898483276367e+00
1.256898164749145508e+00
1.372879266738891602e+00
1.112932205200195312e+00
1.540482401847839355e+00
1.276736259460449219e+00
1.252570986747741699e+00
1.254560232162475586e+00
1.289747357368469238e+00
1.218723177909851074e+00
1.544204831123352051e+00
1.287814974784851074e+00
1.504921317100524902e+00
1.133568406105041504e+00
1.506403207778930664e+00
1.530097603797912598e+00
1.528513193130493164e+00
1.132055044174194336e+00
1.525053262710571289e+00
1.388456583023071289e+00
1.384800314903259277e+00
1.369515180587768555e+00
1.391809940338134766e+00
1.325366616249084473e+00
1.455307841300964355e+00
1.278235793113708496e+00
1.167538404464721680e+00
1.161909222602844238e+00
1.119898676872253418e+00
1.147040486335754395e+00
1.260439634323120117e+00
1.304485559463500977e+00
1.724811911582946777e+00
1.470675945281982422e+00
1.258803844451904297e+00
1.358341097831726074e+00
1.176818251609802246e+00
1.366396069526672363e+00
1.480318546295166016e+00
1.375309467315673828e+00
1.224086165428161621e+00
1.288138151168823242e+00
1.330517530441284180e+00
1.464146018028259277e+00
1.329362154006958008e+00
1.288188457489013672e+00
1.268047332763671875e+00
1.154857993125915527e+00
1.227022886276245117e+00
1.140611648559570312e+00
1.362078547477722168e+00
1.250530958175659180e+00
1.246901035308837891e+00
1.390229701995849609e+00
1.024019956588745117e+00
1.182626843452453613e+00
1.031482696533203125e+00
1.333718657493591309e+00
1.282596468925476074e+00
1.113246321678161621e+00
1.072542309761047363e+00
1.146283864974975586e+00
1.168712139129638672e+00
1.069989204406738281e+00
1.116199851036071777e+00
9.557089209556579590e-01
1.003141164779663086e+00
9.734746217727661133e-01
8.825398683547973633e-01
8.776952624320983887e-01
8.970586657524108887e-01
9.121345281600952148e-01
9.571157693862915039e-01
8.138954639434814453e-01
8.011646270751953125e-01
7.884127497673034668e-01
9.742628931999206543e-01
9.019792079925537109e-01
7.176877856254577637e-01
7.444816827774047852e-01
8.793264627456665039e-01
9.701034426689147949e-01
8.254070281982421875e-01
8.327319025993347168e-01
7.453823685646057129e-01
9.170113801956176758e-01
7.099094390869140625e-01
7.432135939598083496e-01
8.360524773597717285e-01
7.758881449699401855e-01
6.106203794479370117e-01
8.425257205963134766e-01
7.296997904777526855e-01
7.516294121742248535e-01
7.192726135253906250e-01
6.702539324760437012e-01
8.574054241180419922e-01
6.784337759017944336e-01
6.454930901527404785e-01
6.992089748382568359e-01
6.651848554611206055e-01
5.775923132896423340e-01
7.007715702056884766e-01
7.174855470657348633e-01
6.860170364379882812e-01
5.553187131881713867e-01
6.463442444801330566e-01
5.350593924522399902e-01
5.265316367149353027e-01
6.808210015296936035e-01
5.438080430030822754e-01
4.979675412178039551e-01
5.539135932922363281e-01
4.988074600696563721e-01
6.073920726776123047e-01
5.963702201843261719e-01
5.877937674522399902e-01
5.605085492134094238e-01
5.534467101097106934e-01
5.417023897171020508e-01
6.671268343925476074e-01
5.758287906646728516e-01
6.012720465660095215e-01
6.240386962890625000e-01
5.618794560432434082e-01
5.806568264961242676e-01
5.643085241317749023e-01
5.587262511253356934e-01
6.261646747589111328e-01
4.888569712638854980e-01
4.187510907649993896e-01
6.230729818344116211e-01
4.253462553024291992e-01
4.374736249446868896e-01
4.248421788215637207e-01
6.105921268463134766e-01
5.399262905120849609e-01
5.309985876083374023e-01
5.761130452156066895e-01
5.945886969566345215e-01
4.640164971351623535e-01
5.259063839912414551e-01
4.004060924053192139e-01
5.763781666755676270e-01
4.264652132987976074e-01
5.844669938087463379e-01
4.584024548530578613e-01
4.418095946311950684e-01
5.506961941719055176e-01
4.430989623069763184e-01
6.067590117454528809e-01
4.826229214668273926e-01
4.697045981884002686e-01
5.949174165725708008e-01
4.257345199584960938e-01
5.971013307571411133e-01
4.841887950897216797e-01
5.138557553291320801e-01
4.995154440402984619e-01
4.445664286613464355e-01
4.122417569160461426e-01
4.596950709819793701e-01
4.448891878128051758e-01
5.135086178779602051e-01
4.137336015701293945e-01
4.480875730514526367e-01
4.677709043025970459e-01
3.495802283287048340e-01
5.528488159179687500e-01
5.454861521720886230e-01
4.502576589584350586e-01
4.637461900711059570e-01
3.930147886276245117e-01
4.934468567371368408e-01
4.441122114658355713e-01
3.986995220184326172e-01
5.087241530418395996e-01
4.179451763629913330e-01
3.810323476791381836e-01
3.849937915802001953e-01
4.597597718238830566e-01
3.709222376346588135e-01
4.034466445446014404e-01
4.262025654315948486e-01
4.166383147239685059e-01
4.139339923858642578e-01
4.641819596290588379e-01
3.605559170246124268e-01
4.019635915756225586e-01
4.338352084159851074e-01
3.244443535804748535e-01
3.946872353553771973e-01
3.584829866886138916e-01
3.248045146465301514e-01
3.490373194217681885e-01
3.024496138095855713e-01
3.736516833305358887e-01
3.736771941184997559e-01
3.800858855247497559e-01
3.455680906772613525e-01
3.621305823326110840e-01
2.976818084716796875e-01
4.047951400279998779e-01
4.041680395603179932e-01
3.207053542137145996e-01
3.974957168102264404e-01
4.430514872074127197e-01
3.638003468513488770e-01
3.491888344287872314e-01
3.573864698410034180e-01
3.562944233417510986e-01
3.560506999492645264e-01
3.552196919918060303e-01
3.456810414791107178e-01
3.596771657466888428e-01
3.655555248260498047e-01
3.104180991649627686e-01
3.552527129650115967e-01
3.810800313949584961e-01
3.098194599151611328e-01
3.293476998805999756e-01
3.064160943031311035e-01
2.929128706455230713e-01
2.959561049938201904e-01
3.193791806697845459e-01
3.227787911891937256e-01
3.080829083919525146e-01
3.161974251270294189e-01
3.257731199264526367e-01
2.677627205848693848e-01
3.506554067134857178e-01
3.480404615402221680e-01
3.383250534534454346e-01
3.173852860927581787e-01
3.603117167949676514e-01
2.903272211551666260e-01
3.409280776977539062e-01
3.193884491920471191e-01
3.094447553157806396e-01
3.430332243442535400e-01
3.288083374500274658e-01
3.181977868080139160e-01
2.979227304458618164e-01
3.154599666595458984e-01
2.908880412578582764e-01
3.466933965682983398e-01
3.874011635780334473e-01
3.139095604419708252e-01
3.412592411041259766e-01
2.861663699150085449e-01
3.833336830139160156e-01
3.176875412464141846e-01
2.871352732181549072e-01
3.455782532691955566e-01
3.431527912616729736e-01
3.097966611385345459e-01
3.409191071987152100e-01
2.928283512592315674e-01
3.997285366058349609e-01
3.474907875061035156e-01
3.122531473636627197e-01
2.743667960166931152e-01
3.342343568801879883e-01
2.931051552295684814e-01
3.019217848777770996e-01
2.902971804141998291e-01
2.757180631160736084e-01
2.885579764842987061e-01
3.384346365928649902e-01
3.242318630218505859e-01
3.155102431774139404e-01
3.173350393772125244e-01
3.878503739833831787e-01
3.235630989074707031e-01
3.168497383594512939e-01
3.161887824535369873e-01
3.217138051986694336e-01
3.263775408267974854e-01
3.308144807815551758e-01
3.398815095424652100e-01
3.017108142375946045e-01
3.293830156326293945e-01
3.243606984615325928e-01
3.085179328918457031e-01
2.836259007453918457e-01
3.606430292129516602e-01
2.924002110958099365e-01
3.077274560928344727e-01
2.943274974822998047e-01
3.553582429885864258e-01
2.596388757228851318e-01
2.813010811805725098e-01
3.059063553810119629e-01
3.078177869319915771e-01
3.121571540832519531e-01
3.118398785591125488e-01
3.033325076103210449e-01
2.972866296768188477e-01
3.124660253524780273e-01
3.260300159454345703e-01
3.009805381298065186e-01
3.030344545841217041e-01
3.215788900852203369e-01
3.370061814785003662e-01
3.128232657909393311e-01
2.827189862728118896e-01
3.215789794921875000e-01
2.882952690124511719e-01
3.134320974349975586e-01
2.624722123146057129e-01
3.677141666412353516e-01
2.803814709186553955e-01
3.193567395210266113e-01
2.887967526912689209e-01
2.990315556526184082e-01
3.084974586963653564e-01
2.841551005840301514e-01
2.958450615406036377e-01
2.816749215126037598e-01
2.963393032550811768e-01
3.146008849143981934e-01
3.261603415012359619e-01
2.794968783855438232e-01
2.597878277301788330e-01
3.187182545661926270e-01
2.745781540870666504e-01
3.194889426231384277e-01
2.907654643058776855e-01
2.971507608890533447e-01
3.426170647144317627e-01
3.355675935745239258e-01
3.216043114662170410e-01
3.540403842926025391e-01
3.069003820419311523e-01
3.236262798309326172e-01
3.312546312808990479e-01
2.927446365356445312e-01
2.980854511260986328e-01
3.462503254413604736e-01
2.779716253280639648e-01
3.114415407180786133e-01
3.227372765541076660e-01
2.932223081588745117e-01
3.017192482948303223e-01
3.299508988857269287e-01
3.347873687744140625e-01
2.505815625190734863e-01
3.112037181854248047e-01
2.925097644329071045e-01
3.282901346683502197e-01
2.741847932338714600e-01
2.856637835502624512e-01
2.934823632240295410e-01
2.540437877178192139e-01
3.203870654106140137e-01
2.885263860225677490e-01
3.290082812309265137e-01
3.397817611694335938e-01
2.944965064525604248e-01
2.702688574790954590e-01
2.811938822269439697e-01
3.078573644161224365e-01
2.885439991950988770e-01
3.267390131950378418e-01
3.047761917114257812e-01
3.045526146888732910e-01
3.082638084888458252e-01
2.909074127674102783e-01
2.849505543708801270e-01
2.779570817947387695e-01
2.793857455253601074e-01
2.841882705688476562e-01
2.684433460235595703e-01
2.926724255084991455e-01
2.653267979621887207e-01
3.174454569816589355e-01
2.772772014141082764e-01
3.185038864612579346e-01
3.056088685989379883e-01
3.005914986133575439e-01
2.733445465564727783e-01
3.393561840057373047e-01
2.754512131214141846e-01
2.849463820457458496e-01
3.341280519962310791e-01
3.098381459712982178e-01
3.034103214740753174e-01
2.980110943317413330e-01
3.140150308609008789e-01
3.004456460475921631e-01
2.737947702407836914e-01
3.240941762924194336e-01
3.173352181911468506e-01
2.719289958477020264e-01
2.761157453060150146e-01
3.142888844013214111e-01
3.048336803913116455e-01
2.700010538101196289e-01
2.982621192932128906e-01
3.328370153903961182e-01
2.673734128475189209e-01
2.948041260242462158e-01
3.073124289512634277e-01
2.913627326488494873e-01
3.010134994983673096e-01
2.818767726421356201e-01
2.670493721961975098e-01
2.859644293785095215e-01
3.370680212974548340e-01
3.245535194873809814e-01
3.622142374515533447e-01
2.850560545921325684e-01
4.285542368888854980e-01
2.780831158161163330e-01
3.550179302692413330e-01
2.870230078697204590e-01
3.498086631298065186e-01
3.349342942237854004e-01
2.974581718444824219e-01
2.980389893054962158e-01
2.693681418895721436e-01
3.734900653362274170e-01
3.221409320831298828e-01
3.662607073783874512e-01
2.877874374389648438e-01
2.827181220054626465e-01
2.934058308601379395e-01
3.660101890563964844e-01
2.667059898376464844e-01
3.433112204074859619e-01
2.866266071796417236e-01
3.207449316978454590e-01
2.622320950031280518e-01
2.504691481590270996e-01
3.503169715404510498e-01
2.838675975799560547e-01
3.438107669353485107e-01
2.667350471019744873e-01
3.106563091278076172e-01
2.917615175247192383e-01
3.279382884502410889e-01
2.879745066165924072e-01
2.970791459083557129e-01
3.193036615848541260e-01
2.841960787773132324e-01
3.067249357700347900e-01
2.767370343208312988e-01
2.488007694482803345e-01
2.908160090446472168e-01
2.659172713756561279e-01
3.255841732025146484e-01
3.191088736057281494e-01
3.164077997207641602e-01
2.934890985488891602e-01
2.863629758358001709e-01
2.306644916534423828e-01
2.791690826416015625e-01
3.136636316776275635e-01
3.123836219310760498e-01
3.558980524539947510e-01
3.314772844314575195e-01
2.891426086425781250e-01
2.946410775184631348e-01
3.429060876369476318e-01
2.747342884540557861e-01
2.690640985965728760e-01
3.150754272937774658e-01
2.640755176544189453e-01
3.204860389232635498e-01
2.896476686000823975e-01
2.944971919059753418e-01
2.612080872058868408e-01
3.018347024917602539e-01
2.732004523277282715e-01
2.692358195781707764e-01
2.617151141166687012e-01
3.008970916271209717e-01
2.775448262691497803e-01
3.078596889972686768e-01
3.224118351936340332e-01
2.622779607772827148e-01
2.730427086353302002e-01
2.603286802768707275e-01
2.580258548259735107e-01
3.293265700340270996e-01
2.849391698837280273e-01
2.764714956283569336e-01
3.093041181564331055e-01
2.945825457572937012e-01
2.831785976886749268e-01
2.612798810005187988e-01
2.505132853984832764e-01
2.738951146602630615e-01
2.949738502502441406e-01
3.317882418632507324e-01
3.174921572208404541e-01
3.021237552165985107e-01
2.676116824150085449e-01
2.765778899192810059e-01
2.622389793395996094e-01
2.834355831146240234e-01
2.733974456787109375e-01
2.551720142364501953e-01
3.550454080104827881e-01
2.783578336238861084e-01
3.329147696495056152e-01
3.310392796993255615e-01
3.456034958362579346e-01
3.102715909481048584e-01
2.809705436229705811e-01
2.743091583251953125e-01
3.887699842453002930e-01
2.786047756671905518e-01
2.822854816913604736e-01
3.000167608261108398e-01
2.968090176582336426e-01
2.446489781141281128e-01
2.984656691551208496e-01
2.707405984401702881e-01
3.167278170585632324e-01
2.967734634876251221e-01
2.818643748760223389e-01
2.689554095268249512e-01
2.479790747165679932e-01
2.615429461002349854e-01
2.887900769710540771e-01
2.712887525558471680e-01
2.995348572731018066e-01
3.367479741573333740e-01
2.878066599369049072e-01
3.003545105457305908e-01
2.768537998199462891e-01
2.528741061687469482e-01
2.837382555007934570e-01
3.002353012561798096e-01
2.841940820217132568e-01
2.781603634357452393e-01
3.264785408973693848e-01
2.679066956043243408e-01
2.868576347827911377e-01
2.733734250068664551e-01
2.577171027660369873e-01
2.711291015148162842e-01
2.668370306491851807e-01
2.781585156917572021e-01
2.856096923351287842e-01
2.815172076225280762e-01
2.626679241657257080e-01
2.715265452861785889e-01
2.782617509365081787e-01
2.501103281974792480e-01
2.654931247234344482e-01
2.857465744018554688e-01
2.580397427082061768e-01
2.774506807327270508e-01
2.832465767860412598e-01
2.936058938503265381e-01
2.388209402561187744e-01
2.777594923973083496e-01
2.473671734333038330e-01
2.509457170963287354e-01
3.231482505798339844e-01
2.835180461406707764e-01
3.064299821853637695e-01
2.521432936191558838e-01
2.781117558479309082e-01
3.196091949939727783e-01
2.970181703567504883e-01
2.794748246669769287e-01
2.797792851924896240e-01
2.403532266616821289e-01
3.124728500843048096e-01
3.057974874973297119e-01
2.911957502365112305e-01
2.342238128185272217e-01
3.143485188484191895e-01
2.598068416118621826e-01
3.126544952392578125e-01
2.988232076168060303e-01
3.007860183715820312e-01
3.554908633232116699e-01
2.666147351264953613e-01
3.161721229553222656e-01
2.772344052791595459e-01
3.057562708854675293e-01
3.110162615776062012e-01
2.813310325145721436e-01
3.481381833553314209e-01
3.117319345474243164e-01
3.268602490425109863e-01
2.939778268337249756e-01
3.359094560146331787e-01
2.589251995086669922e-01
3.050735890865325928e-01
2.832682728767395020e-01
3.221337497234344482e-01
2.853491306304931641e-01
3.127674162387847900e-01
2.920538187026977539e-01
3.045671880245208740e-01
2.646512985229492188e-01
2.710540294647216797e-01
3.234767615795135498e-01
3.168182969093322754e-01
2.943797111511230469e-01
2.891900539398193359e-01
2.601776421070098877e-01
3.161574900150299072e-01
2.789420187473297119e-01
2.804837226867675781e-01
2.453422099351882935e-01
2.759324610233306885e-01
2.974257469177246094e-01
2.470406293869018555e-01
2.551006078720092773e-01
3.417081236839294434e-01
2.843772470951080322e-01
3.237191736698150635e-01
2.991652488708496094e-01
2.990768551826477051e-01
2.578707635402679443e-01
2.704065740108489990e-01
2.613050043582916260e-01
2.722149789333343506e-01
3.066293001174926758e-01
2.840732038021087646e-01
3.152025640010833740e-01
3.361925780773162842e-01
3.038745224475860596e-01
2.341967970132827759e-01
2.679522633552551270e-01
2.712006270885467529e-01
2.709304392337799072e-01
2.761555314064025879e-01
3.215237855911254883e-01
2.835994362831115723e-01
2.662734985351562500e-01
2.657753229141235352e-01
2.606830894947052002e-01
2.612971365451812744e-01
2.814412117004394531e-01
2.681984007358551025e-01
2.949525117874145508e-01
3.200215995311737061e-01
2.847231328487396240e-01
3.225753903388977051e-01
2.705418467521667480e-01
3.045860826969146729e-01
3.012305796146392822e-01
2.991405129432678223e-01
2.713788747787475586e-01
2.837839126586914062e-01
3.486849367618560791e-01
3.072858154773712158e-01
3.045552074909210205e-01
2.835993468761444092e-01
3.343557417392730713e-01
2.896932363510131836e-01
3.710582554340362549e-01
2.427496016025543213e-01
2.978521585464477539e-01
3.114855587482452393e-01
3.047587573528289795e-01
3.100732266902923584e-01
3.069221675395965576e-01
2.664498388767242432e-01
2.735651433467864990e-01
2.584780752658843994e-01
2.781413793563842773e-01
2.785795331001281738e-01
3.098618686199188232e-01
2.692974507808685303e-01
2.644434869289398193e-01
2.441506087779998779e-01
2.599647939205169678e-01
3.122342526912689209e-01
2.760368585586547852e-01
3.006395995616912842e-01
2.691521048545837402e-01
2.874059677124023438e-01
2.935107350349426270e-01
2.722389101982116699e-01
2.945054471492767334e-01
3.045074045658111572e-01
3.011280596256256104e-01
2.785126864910125732e-01
2.397975176572799683e-01
2.851017415523529053e-01
2.667437791824340820e-01
3.073321580886840820e-01
2.900691330432891846e-01
2.755269110202789307e-01
2.786943316459655762e-01
2.875329256057739258e-01
2.575103640556335449e-01
2.817263007164001465e-01
2.812228798866271973e-01
2.848445773124694824e-01
2.845344245433807373e-01
2.832920551300048828e-01
3.814723193645477295e-01
3.103390336036682129e-01
2.886207997798919678e-01
2.522969841957092285e-01
3.018479049205780029e-01
2.700832784175872803e-01
2.818168699741363525e-01
2.316356301307678223e-01
2.473420351743698120e-01
2.997820675373077393e-01
2.691912949085235596e-01
2.694493532180786133e-01
2.204089909791946411e-01
3.242158591747283936e-01
2.919212281703948975e-01
2.672556638717651367e-01
3.099602460861206055e-01
3.113314807415008545e-01
2.469874918460845947e-01
2.963790297508239746e-01
2.786502540111541748e-01
2.801131010055541992e-01
2.812650799751281738e-01
2.927826046943664551e-01
2.714754045009613037e-01
2.380479425191879272e-01
2.370006293058395386e-01
2.408457994461059570e-01
2.742662131786346436e-01
2.725466191768646240e-01
2.762426137924194336e-01
2.601579129695892334e-01
2.748802602291107178e-01
2.829366028308868408e-01
2.810354530811309814e-01
3.103869259357452393e-01
2.684686481952667236e-01
2.433066070079803467e-01
2.836700677871704102e-01
3.062650561332702637e-01
2.887992262840270996e-01
2.768576741218566895e-01
2.767874002456665039e-01
2.430509775876998901e-01
2.626176476478576660e-01
2.801961004734039307e-01
2.375476360321044922e-01
2.717206776142120361e-01
2.758001089096069336e-01
2.608525753021240234e-01
2.497403323650360107e-01
2.898685336112976074e-01
2.904759049415588379e-01
2.757048308849334717e-01
2.510184049606323242e-01
3.166452646255493164e-01
2.870585620403289795e-01
2.668257951736450195e-01
2.546829879283905029e-01
2.425130456686019897e-01
2.615548670291900635e-01
2.815508842468261719e-01
2.748048305511474609e-01
2.879449427127838135e-01
3.088557720184326172e-01
2.492947876453399658e-01
2.520984411239624023e-01
3.344872295856475830e-01
3.169565796852111816e-01
3.183719813823699951e-01
3.102424442768096924e-01
2.683346271514892578e-01
2.749552428722381592e-01
2.262083590030670166e-01
2.436848580837249756e-01
2.755630016326904297e-01
2.645547389984130859e-01
2.581704258918762207e-01
2.834531068801879883e-01
3.081410527229309082e-01
2.936489880084991455e-01
2.900261580944061279e-01
2.556888461112976074e-01
2.767980694770812988e-01
2.593938708305358887e-01
2.921208143234252930e-01
2.153558135032653809e-01
3.985207378864288330e-01
2.964256703853607178e-01
3.644031286239624023e-01
3.241987824440002441e-01
3.247302770614624023e-01
2.945305407047271729e-01
3.098836541175842285e-01
2.740722596645355225e-01
2.767831385135650635e-01
3.067921996116638184e-01
3.153324723243713379e-01
2.833065092563629150e-01
2.768808603286743164e-01
2.987582087516784668e-01
2.821556925773620605e-01
2.816953659057617188e-01
3.172260820865631104e-01
2.600979506969451904e-01
2.689928710460662842e-01
2.738902568817138672e-01
3.173017799854278564e-01
2.721389830112457275e-01
2.791653573513031006e-01
2.653045356273651123e-01
2.414822727441787720e-01
2.499384135007858276e-01
2.397098392248153687e-01
2.730171978473663330e-01
2.885363399982452393e-01
2.542555630207061768e-01
2.619729340076446533e-01
3.098615705966949463e-01
2.484997361898422241e-01
2.754320502281188965e-01
2.346108704805374146e-01
2.352031916379928589e-01
2.659659087657928467e-01
3.051785230636596680e-01
2.983413934707641602e-01
2.842042148113250732e-01
2.855793535709381104e-01
2.448180019855499268e-01
2.896237671375274658e-01
2.552096545696258545e-01
2.801440358161926270e-01
2.821718752384185791e-01
2.520863711833953857e-01
2.571240663528442383e-01
2.819596827030181885e-01
2.116728574037551880e-01
2.654854953289031982e-01
2.753582298755645752e-01
2.723015248775482178e-01
2.823682427406311035e-01
2.643572688102722168e-01
2.905035912990570068e-01
2.310781776905059814e-01
2.666017115116119385e-01
2.839760184288024902e-01
2.805151045322418213e-01
2.513504624366760254e-01
2.519669234752655029e-01
2.857153713703155518e-01
2.622807919979095459e-01
2.909882366657257080e-01
2.498763948678970337e-01
2.840169072151184082e-01
2.835274934768676758e-01
2.839717268943786621e-01
2.898432016372680664e-01
2.858461737632751465e-01
2.710404396057128906e-01
2.798767089843750000e-01
2.925121784210205078e-01
2.697220742702484131e-01
2.648561596870422363e-01
2.785260081291198730e-01
2.395388334989547729e-01
2.665701508522033691e-01
3.677823543548583984e-01
3.115077316761016846e-01
2.759591042995452881e-01
2.865796387195587158e-01
2.811645865440368652e-01
2.766081988811492920e-01
3.098426461219787598e-01
2.537349462509155273e-01
2.513749301433563232e-01
2.832804620265960693e-01
2.661817371845245361e-01
2.862363755702972412e-01
2.844414412975311279e-01
3.145224452018737793e-01
2.861850857734680176e-01
2.657570540904998779e-01
2.732337415218353271e-01
2.820462286472320557e-01
2.449978440999984741e-01
2.601942420005798340e-01
2.666971981525421143e-01
2.424519211053848267e-01
2.724121510982513428e-01
2.209357917308807373e-01
2.704633772373199463e-01
2.654972672462463379e-01
2.752888202667236328e-01
2.513269782066345215e-01
2.868366241455078125e-01
2.504176199436187744e-01
2.617766857147216797e-01
2.989342510700225830e-01
2.437153160572052002e-01
2.367933690547943115e-01
2.589074075222015381e-01
2.696698904037475586e-01
3.275735974311828613e-01
2.674530148506164551e-01
2.699753344058990479e-01
3.071330487728118896e-01
3.079631924629211426e-01
2.796643972396850586e-01
