2.229693984985351562e+01
1.630990982055664062e+01
1.536088466644287109e+01
1.494179058074951172e+01
1.676149749755859375e+01
1.275990009307861328e+01
1.415098857879638672e+01
1.397598457336425781e+01
1.574497222900390625e+01
1.408206844329833984e+01
1.480414867401123047e+01
1.697845268249511719e+01
1.428737163543701172e+01
1.313230228424072266e+01
1.370325946807861328e+01
1.512191104888916016e+01
1.244056224822998047e+01
1.273207759857177734e+01
1.436148548126220703e+01
1.493446254730224609e+01
1.326419067382812500e+01
1.238843631744384766e+01
1.609109878540039062e+01
1.275089740753173828e+01
1.470397377014160156e+01
1.457283306121826172e+01
1.236495876312255859e+01
1.277456378936767578e+01
1.219655323028564453e+01
1.365051078796386719e+01
1.535275745391845703e+01
1.571778869628906250e+01
1.379386520385742188e+01
1.209790802001953125e+01
1.229858112335205078e+01
1.300592994689941406e+01
1.474268722534179688e+01
1.365623283386230469e+01
1.404531764984130859e+01
1.376699256896972656e+01
1.296632289886474609e+01
1.598100566864013672e+01
1.450874423980712891e+01
1.375462532043457031e+01
1.476244068145751953e+01
1.355786132812500000e+01
1.397254371643066406e+01
1.430330276489257812e+01
1.442728710174560547e+01
1.294224357604980469e+01
1.366588783264160156e+01
1.448762798309326172e+01
1.183989906311035156e+01
1.265419387817382812e+01
1.299612617492675781e+01
1.322909736633300781e+01
1.319499683380126953e+01
1.189160251617431641e+01
1.162283325195312500e+01
1.321323776245117188e+01
1.262208557128906250e+01
1.226810836791992188e+01
1.133494091033935547e+01
1.122435379028320312e+01
1.034057617187500000e+01
1.086638450622558594e+01
1.234028530120849609e+01
1.162690067291259766e+01
1.172433090209960938e+01
1.245399188995361328e+01
9.904955863952636719e+00
1.059008598327636719e+01
1.122178077697753906e+01
1.022217559814453125e+01
1.172261238098144531e+01
1.010658740997314453e+01
9.912632942199707031e+00
8.518660545349121094e+00
1.022657299041748047e+01
1.028988456726074219e+01
8.129858016967773438e+00
8.745506286621093750e+00
9.560310363769531250e+00
8.294505119323730469e+00
1.029923725128173828e+01
7.936145305633544922e+00
8.143938064575195312e+00
7.948232173919677734e+00
6.930978775024414062e+00
6.869378089904785156e+00
7.539179801940917969e+00
7.523334503173828125e+00
8.273154258728027344e+00
6.651716709136962891e+00
9.176030158996582031e+00
7.027640819549560547e+00
6.188330650329589844e+00
7.703407764434814453e+00
6.729857921600341797e+00
5.999965667724609375e+00
5.770904541015625000e+00
6.619791984558105469e+00
8.463766098022460938e+00
5.915250778198242188e+00
7.314065456390380859e+00
7.298891544342041016e+00
7.469183444976806641e+00
4.980186462402343750e+00
6.227535247802734375e+00
5.411480426788330078e+00
5.014141082763671875e+00
5.792579650878906250e+00
6.189963340759277344e+00
7.522530078887939453e+00
6.660469055175781250e+00
6.033158779144287109e+00
6.344377994537353516e+00
6.792223930358886719e+00
5.871025562286376953e+00
7.024020195007324219e+00
7.199916362762451172e+00
4.586493015289306641e+00
5.054526329040527344e+00
5.277187347412109375e+00
7.492638111114501953e+00
6.892083644866943359e+00
6.591514587402343750e+00
5.990328788757324219e+00
5.349898338317871094e+00
7.903014183044433594e+00
5.585194587707519531e+00
6.892786026000976562e+00
6.589871406555175781e+00
7.983186721801757812e+00
5.652165412902832031e+00
4.656383037567138672e+00
5.202125072479248047e+00
6.719815254211425781e+00
4.652012348175048828e+00
6.875286579132080078e+00
6.066591739654541016e+00
6.864549636840820312e+00
6.809266567230224609e+00
6.556111812591552734e+00
5.410485744476318359e+00
4.997886180877685547e+00
4.955982208251953125e+00
6.280437946319580078e+00
5.077884197235107422e+00
6.357925891876220703e+00
5.630767345428466797e+00
5.977379798889160156e+00
6.318378448486328125e+00
5.600358009338378906e+00
5.326277256011962891e+00
6.781873226165771484e+00
7.459937095642089844e+00
5.173799991607666016e+00
4.729280471801757812e+00
6.911256790161132812e+00
6.663074016571044922e+00
5.357264995574951172e+00
5.954885482788085938e+00
6.393969058990478516e+00
5.201938629150390625e+00
5.666913986206054688e+00
4.734277725219726562e+00
5.301726818084716797e+00
4.886741161346435547e+00
4.900554656982421875e+00
4.480869293212890625e+00
5.196270942687988281e+00
4.382934093475341797e+00
7.024104595184326172e+00
3.654746770858764648e+00
5.149521350860595703e+00
6.734528064727783203e+00
5.851789474487304688e+00
5.292697906494140625e+00
4.627742290496826172e+00
5.787581443786621094e+00
5.321664333343505859e+00
5.482604503631591797e+00
5.637846469879150391e+00
4.270827770233154297e+00
4.955324649810791016e+00
4.930460453033447266e+00
5.035930156707763672e+00
5.607032775878906250e+00
5.358563899993896484e+00
5.286344528198242188e+00
4.096373558044433594e+00
5.955492973327636719e+00
6.124331474304199219e+00
4.239598751068115234e+00
3.886444568634033203e+00
4.712965488433837891e+00
5.546165466308593750e+00
7.119780540466308594e+00
5.206704139709472656e+00
5.534453392028808594e+00
4.843938827514648438e+00
3.756505489349365234e+00
4.683525085449218750e+00
6.834172725677490234e+00
4.608046054840087891e+00
5.556180477142333984e+00
5.632851600646972656e+00
5.651140689849853516e+00
6.159022331237792969e+00
5.175323486328125000e+00
3.891127824783325195e+00
3.909982442855834961e+00
5.755076408386230469e+00
4.874726295471191406e+00
4.574691772460937500e+00
4.811307907104492188e+00
4.707846164703369141e+00
6.052241802215576172e+00
3.551080703735351562e+00
4.681053638458251953e+00
4.773519992828369141e+00
4.101046085357666016e+00
5.647420406341552734e+00
3.065965652465820312e+00
5.557018280029296875e+00
4.711292266845703125e+00
4.168101310729980469e+00
4.759178161621093750e+00
3.617401599884033203e+00
6.688540935516357422e+00
4.678856849670410156e+00
5.205173969268798828e+00
3.985157012939453125e+00
4.695524692535400391e+00
4.833138465881347656e+00
3.482887983322143555e+00
4.238235950469970703e+00
5.775170803070068359e+00
5.233208179473876953e+00
4.094781398773193359e+00
4.647584438323974609e+00
4.029639244079589844e+00
4.828437328338623047e+00
4.452621936798095703e+00
4.335986137390136719e+00
3.408238887786865234e+00
4.067450046539306641e+00
3.567544221878051758e+00
2.905659675598144531e+00
4.637519836425781250e+00
4.833029747009277344e+00
2.826439857482910156e+00
5.141811370849609375e+00
4.504527091979980469e+00
5.472618579864501953e+00
4.144649982452392578e+00
4.607041835784912109e+00
5.106215953826904297e+00
4.534102439880371094e+00
5.170741081237792969e+00
4.012881278991699219e+00
3.574274063110351562e+00
4.624751091003417969e+00
3.661801576614379883e+00
5.743534564971923828e+00
3.886071681976318359e+00
4.909383296966552734e+00
5.229763984680175781e+00
6.251665115356445312e+00
4.327057361602783203e+00
4.558417797088623047e+00
5.085474014282226562e+00
5.021384716033935547e+00
4.112589836120605469e+00
4.600927829742431641e+00
5.436855792999267578e+00
6.101348400115966797e+00
4.490132808685302734e+00
4.290688991546630859e+00
3.204584836959838867e+00
4.079497814178466797e+00
3.024266481399536133e+00
5.690808296203613281e+00
4.353707790374755859e+00
3.637513160705566406e+00
4.058572292327880859e+00
4.023814678192138672e+00
5.775483131408691406e+00
4.623450279235839844e+00
4.753406524658203125e+00
5.236850738525390625e+00
3.477183341979980469e+00
4.436381340026855469e+00
5.503033638000488281e+00
4.067095279693603516e+00
3.787568330764770508e+00
4.070478439331054688e+00
5.093369960784912109e+00
4.218149185180664062e+00
3.923804998397827148e+00
4.549083232879638672e+00
4.991667747497558594e+00
3.617438554763793945e+00
4.374540328979492188e+00
4.895944595336914062e+00
3.379395723342895508e+00
4.274094581604003906e+00
5.204803466796875000e+00
4.279039382934570312e+00
4.474649906158447266e+00
2.787333250045776367e+00
3.240604639053344727e+00
4.152877330780029297e+00
3.630172729492187500e+00
4.873236656188964844e+00
6.399775028228759766e+00
5.610086917877197266e+00
3.440793275833129883e+00
5.157430648803710938e+00
4.427994251251220703e+00
4.309194087982177734e+00
5.022434711456298828e+00
4.746730804443359375e+00
4.936820030212402344e+00
4.904557228088378906e+00
4.615136623382568359e+00
4.141792774200439453e+00
3.933465480804443359e+00
4.898090362548828125e+00
4.355880737304687500e+00
4.892642021179199219e+00
3.618921518325805664e+00
3.284418106079101562e+00
4.204901695251464844e+00
4.436594963073730469e+00
4.775753498077392578e+00
5.498242855072021484e+00
5.016902446746826172e+00
6.080255985260009766e+00
4.745429515838623047e+00
4.076771259307861328e+00
4.674788951873779297e+00
5.456837177276611328e+00
3.648436069488525391e+00
3.132334709167480469e+00
5.594700336456298828e+00
3.389514446258544922e+00
5.464615345001220703e+00
4.933269023895263672e+00
3.902662277221679688e+00
4.284366130828857422e+00
4.120331287384033203e+00
4.360339641571044922e+00
4.517703533172607422e+00
3.851163864135742188e+00
4.818671226501464844e+00
3.322284460067749023e+00
4.250460624694824219e+00
4.154907703399658203e+00
5.000308513641357422e+00
5.641653060913085938e+00
4.595593929290771484e+00
4.543950557708740234e+00
5.360913753509521484e+00
4.772367000579833984e+00
3.174856901168823242e+00
4.522865295410156250e+00
5.189753055572509766e+00
4.092011928558349609e+00
5.053051948547363281e+00
3.097724676132202148e+00
5.813843250274658203e+00
4.177909851074218750e+00
3.682675600051879883e+00
5.271565437316894531e+00
3.892034292221069336e+00
3.169558525085449219e+00
5.535954952239990234e+00
5.617270946502685547e+00
3.322412967681884766e+00
3.735671043395996094e+00
3.771313428878784180e+00
3.589926242828369141e+00
5.491974830627441406e+00
3.934981822967529297e+00
5.081311225891113281e+00
3.392884492874145508e+00
4.367068767547607422e+00
4.485580921173095703e+00
4.034745693206787109e+00
4.654112815856933594e+00
3.913998126983642578e+00
3.965628623962402344e+00
4.281570434570312500e+00
4.161099433898925781e+00
4.360280513763427734e+00
4.486626625061035156e+00
4.180950164794921875e+00
4.938534259796142578e+00
4.106049060821533203e+00
4.470141887664794922e+00
3.891834020614624023e+00
5.198225975036621094e+00
4.774578094482421875e+00
4.298979759216308594e+00
4.369454383850097656e+00
4.968407154083251953e+00
5.331944465637207031e+00
5.200471401214599609e+00
5.078054904937744141e+00
4.611570358276367188e+00
4.944702148437500000e+00
5.168051719665527344e+00
5.359090328216552734e+00
4.478087902069091797e+00
4.490962028503417969e+00
5.622958183288574219e+00
3.636271238327026367e+00
3.393452167510986328e+00
4.457934379577636719e+00
3.406971454620361328e+00
5.578158378601074219e+00
4.846606731414794922e+00
4.265473365783691406e+00
5.354210853576660156e+00
3.969769001007080078e+00
3.797761201858520508e+00
4.480957984924316406e+00
3.809954881668090820e+00
3.362174749374389648e+00
3.413925647735595703e+00
5.137256145477294922e+00
3.382518291473388672e+00
3.884529113769531250e+00
5.648381710052490234e+00
6.424270629882812500e+00
3.484925270080566406e+00
3.911641597747802734e+00
3.678285360336303711e+00
4.878550052642822266e+00
4.227657318115234375e+00
5.182025432586669922e+00
5.263679027557373047e+00
4.432631492614746094e+00
4.449128627777099609e+00
3.809736490249633789e+00
4.681132316589355469e+00
4.861723899841308594e+00
4.573534965515136719e+00
5.664940834045410156e+00
5.448389530181884766e+00
4.164223670959472656e+00
4.074180126190185547e+00
5.777790069580078125e+00
4.377841472625732422e+00
5.271110534667968750e+00
4.418887138366699219e+00
3.868303298950195312e+00
3.418822288513183594e+00
5.202259540557861328e+00
4.051504611968994141e+00
2.866826295852661133e+00
4.314340114593505859e+00
4.127134323120117188e+00
5.727125644683837891e+00
5.041827678680419922e+00
5.010557174682617188e+00
4.143133163452148438e+00
5.701288223266601562e+00
3.824443101882934570e+00
4.216161251068115234e+00
3.655314445495605469e+00
2.646757602691650391e+00
4.484215259552001953e+00
5.594256401062011719e+00
4.057401180267333984e+00
3.792834281921386719e+00
4.067099094390869141e+00
4.317291736602783203e+00
3.681087732315063477e+00
4.463115692138671875e+00
3.926296234130859375e+00
4.245238780975341797e+00
4.972145080566406250e+00
4.967491149902343750e+00
3.722904205322265625e+00
4.721089839935302734e+00
4.422970294952392578e+00
3.517359018325805664e+00
4.214299678802490234e+00
4.127025604248046875e+00
4.345657825469970703e+00
3.087562799453735352e+00
4.819869041442871094e+00
5.453760147094726562e+00
4.023533821105957031e+00
3.114276647567749023e+00
6.077463150024414062e+00
3.696205615997314453e+00
4.418374061584472656e+00
6.311718463897705078e+00
3.607641935348510742e+00
3.382618427276611328e+00
4.062880516052246094e+00
4.244592666625976562e+00
5.546126365661621094e+00
3.556046724319458008e+00
3.419133186340332031e+00
3.917963266372680664e+00
4.287038803100585938e+00
3.893172025680541992e+00
3.666347026824951172e+00
4.224538326263427734e+00
3.886936187744140625e+00
4.663712024688720703e+00
5.211838245391845703e+00
5.104577541351318359e+00
4.445510387420654297e+00
3.469565153121948242e+00
3.256246805191040039e+00
3.918082475662231445e+00
5.625354290008544922e+00
4.119062900543212891e+00
4.263837814331054688e+00
5.057631492614746094e+00
3.006353855133056641e+00
4.610266208648681641e+00
3.938898324966430664e+00
4.166992664337158203e+00
3.121865749359130859e+00
4.339796543121337891e+00
5.353057861328125000e+00
4.627029418945312500e+00
4.733235836029052734e+00
4.365263462066650391e+00
5.013586521148681641e+00
3.626822948455810547e+00
4.739748001098632812e+00
6.349553585052490234e+00
4.880149841308593750e+00
4.109500408172607422e+00
4.152533054351806641e+00
5.465961456298828125e+00
4.877173900604248047e+00
4.980940818786621094e+00
4.463223457336425781e+00
4.184635639190673828e+00
4.367318630218505859e+00
3.295488357543945312e+00
4.366477966308593750e+00
4.428848266601562500e+00
3.333139419555664062e+00
4.895056247711181641e+00
5.448928356170654297e+00
3.360957860946655273e+00
3.195116996765136719e+00
4.871931076049804688e+00
4.957877635955810547e+00
3.763413906097412109e+00
3.998315095901489258e+00
4.080221176147460938e+00
4.697240829467773438e+00
4.046555519104003906e+00
4.225584030151367188e+00
3.574117898941040039e+00
3.765631675720214844e+00
3.422292709350585938e+00
4.609519004821777344e+00
4.330149650573730469e+00
4.906289100646972656e+00
4.407363414764404297e+00
4.836292743682861328e+00
4.490731239318847656e+00
5.414844036102294922e+00
3.806378364562988281e+00
5.296204566955566406e+00
5.105031490325927734e+00
4.570320129394531250e+00
5.512535095214843750e+00
2.799697875976562500e+00
4.510272502899169922e+00
3.344910621643066406e+00
5.580902099609375000e+00
5.108751296997070312e+00
5.491672992706298828e+00
4.698640823364257812e+00
5.284831047058105469e+00
5.515539169311523438e+00
3.968934297561645508e+00
4.597794532775878906e+00
4.737578868865966797e+00
3.651087522506713867e+00
4.569691181182861328e+00
4.040137767791748047e+00
4.361225128173828125e+00
3.092031717300415039e+00
2.802600145339965820e+00
4.995606422424316406e+00
4.616313457489013672e+00
3.848775625228881836e+00
5.704109191894531250e+00
5.243330478668212891e+00
5.233467578887939453e+00
4.337393283843994141e+00
4.697473049163818359e+00
3.652331829071044922e+00
5.159992218017578125e+00
5.138990879058837891e+00
4.080762386322021484e+00
3.712792396545410156e+00
4.837781906127929688e+00
4.734870433807373047e+00
3.795927762985229492e+00
4.687355995178222656e+00
4.908522605895996094e+00
3.486703157424926758e+00
4.447411060333251953e+00
3.893456220626831055e+00
4.554826736450195312e+00
4.434487342834472656e+00
5.450708389282226562e+00
5.585437774658203125e+00
4.675845146179199219e+00
4.397607326507568359e+00
3.071779727935791016e+00
5.289321899414062500e+00
5.953444957733154297e+00
4.952791213989257812e+00
4.744011402130126953e+00
4.632426738739013672e+00
4.609886169433593750e+00
5.478987693786621094e+00
5.672613143920898438e+00
4.368815422058105469e+00
3.734946250915527344e+00
4.226398468017578125e+00
3.814187765121459961e+00
4.168496608734130859e+00
2.883272647857666016e+00
3.995594501495361328e+00
3.508842468261718750e+00
4.260276317596435547e+00
4.114017486572265625e+00
4.652513504028320312e+00
4.012753486633300781e+00
4.308480739593505859e+00
4.106600284576416016e+00
3.718917608261108398e+00
3.080834627151489258e+00
4.530952453613281250e+00
3.403859138488769531e+00
4.644740104675292969e+00
4.037106037139892578e+00
4.645235538482666016e+00
5.417505264282226562e+00
5.043542385101318359e+00
3.401900053024291992e+00
3.697587490081787109e+00
4.040325164794921875e+00
3.228412628173828125e+00
3.186029195785522461e+00
6.063237667083740234e+00
4.485311508178710938e+00
3.154824256896972656e+00
3.403797864913940430e+00
4.407878875732421875e+00
5.133172035217285156e+00
4.288122177124023438e+00
5.156572341918945312e+00
4.237309455871582031e+00
4.069190979003906250e+00
3.639162302017211914e+00
3.848836898803710938e+00
3.590340375900268555e+00
5.938229084014892578e+00
4.274626731872558594e+00
4.308250904083251953e+00
4.442499637603759766e+00
4.966529369354248047e+00
4.404152393341064453e+00
3.776376008987426758e+00
5.472720146179199219e+00
3.355247974395751953e+00
5.194604873657226562e+00
6.078054904937744141e+00
4.549657821655273438e+00
4.808925628662109375e+00
3.709857702255249023e+00
3.211655139923095703e+00
6.064861774444580078e+00
5.171548843383789062e+00
5.092698574066162109e+00
5.412543773651123047e+00
4.456423282623291016e+00
4.616253376007080078e+00
4.075121402740478516e+00
2.912046194076538086e+00
5.255233764648437500e+00
4.819168090820312500e+00
4.249977111816406250e+00
5.294518947601318359e+00
4.777631759643554688e+00
4.125988960266113281e+00
5.270416736602783203e+00
3.359224557876586914e+00
3.892595052719116211e+00
4.401806831359863281e+00
3.754485845565795898e+00
4.120496749877929688e+00
3.960264682769775391e+00
3.070021629333496094e+00
4.631515026092529297e+00
5.788691043853759766e+00
3.138715267181396484e+00
4.598753929138183594e+00
4.726460456848144531e+00
4.974473476409912109e+00
3.596311569213867188e+00
4.888372421264648438e+00
3.489883899688720703e+00
6.137463092803955078e+00
4.433884620666503906e+00
4.205164432525634766e+00
3.616295337677001953e+00
5.477664947509765625e+00
5.205626964569091797e+00
5.085477352142333984e+00
4.165097236633300781e+00
4.673347949981689453e+00
4.347591876983642578e+00
3.114403963088989258e+00
3.466107368469238281e+00
3.346168518066406250e+00
4.010430812835693359e+00
3.854453563690185547e+00
4.074080467224121094e+00
5.202724933624267578e+00
4.015132904052734375e+00
3.252242803573608398e+00
5.370999813079833984e+00
6.315568447113037109e+00
4.790415763854980469e+00
4.357989788055419922e+00
5.436695098876953125e+00
4.385230541229248047e+00
5.445222377777099609e+00
4.824481010437011719e+00
3.017161846160888672e+00
3.355703592300415039e+00
4.431755542755126953e+00
3.598319530487060547e+00
4.445095539093017578e+00
4.829668998718261719e+00
4.987626075744628906e+00
3.618335247039794922e+00
4.307079315185546875e+00
3.949063301086425781e+00
4.313892841339111328e+00
3.819527864456176758e+00
4.522841453552246094e+00
4.299926757812500000e+00
4.589195728302001953e+00
4.024577140808105469e+00
3.027283191680908203e+00
4.929892539978027344e+00
5.713514804840087891e+00
4.111229419708251953e+00
3.940790414810180664e+00
5.964628219604492188e+00
3.296958446502685547e+00
4.306839942932128906e+00
3.882287740707397461e+00
5.902917385101318359e+00
4.663416385650634766e+00
5.079709053039550781e+00
4.810748100280761719e+00
5.330669879913330078e+00
4.645977973937988281e+00
4.823559761047363281e+00
4.819202423095703125e+00
4.053347587585449219e+00
4.736084938049316406e+00
4.787307739257812500e+00
4.031768321990966797e+00
3.399852991104125977e+00
3.299999475479125977e+00
2.755176067352294922e+00
6.246812343597412109e+00
4.837795734405517578e+00
4.641866207122802734e+00
5.421148777008056641e+00
4.145078182220458984e+00
4.230933189392089844e+00
4.681174278259277344e+00
3.512266159057617188e+00
5.934055805206298828e+00
3.944678306579589844e+00
4.749019622802734375e+00
5.214969158172607422e+00
5.151106357574462891e+00
4.293300151824951172e+00
6.799138545989990234e+00
5.019930839538574219e+00
4.852557659149169922e+00
4.718801975250244141e+00
4.682505130767822266e+00
5.248511791229248047e+00
3.222442865371704102e+00
3.323476791381835938e+00
4.966668605804443359e+00
3.798782110214233398e+00
2.945783615112304688e+00
5.410534381866455078e+00
4.052590370178222656e+00
4.103008270263671875e+00
4.057805538177490234e+00
3.414953708648681641e+00
5.022359848022460938e+00
4.195619106292724609e+00
5.206243038177490234e+00
4.671562194824218750e+00
4.660364627838134766e+00
3.766353607177734375e+00
4.426526546478271484e+00
4.132944107055664062e+00
4.493485450744628906e+00
4.093765258789062500e+00
4.582141876220703125e+00
4.208688735961914062e+00
3.417141675949096680e+00
4.498465538024902344e+00
5.452039241790771484e+00
4.493031501770019531e+00
5.062855720520019531e+00
4.266578197479248047e+00
5.199041366577148438e+00
4.400813579559326172e+00
4.531710147857666016e+00
2.765364170074462891e+00
3.902435064315795898e+00
4.587343692779541016e+00
5.381762981414794922e+00
4.030863761901855469e+00
3.962718725204467773e+00
4.523277759552001953e+00
5.536134719848632812e+00
3.350361585617065430e+00
4.171239852905273438e+00
4.567095279693603516e+00
4.591360092163085938e+00
3.193402528762817383e+00
5.223831176757812500e+00
3.199594736099243164e+00
4.716942787170410156e+00
5.674230098724365234e+00
5.495217800140380859e+00
3.941137313842773438e+00
3.257062435150146484e+00
4.054480075836181641e+00
3.868953466415405273e+00
3.671314716339111328e+00
3.315054655075073242e+00
3.641247749328613281e+00
3.996630430221557617e+00
4.189526081085205078e+00
3.823816061019897461e+00
3.971454620361328125e+00
5.034788131713867188e+00
4.140840530395507812e+00
4.445081233978271484e+00
3.629993438720703125e+00
3.103051900863647461e+00
3.274697065353393555e+00
5.003477573394775391e+00
4.262006282806396484e+00
4.273603439331054688e+00
4.393563270568847656e+00
3.580539941787719727e+00
3.785636425018310547e+00
3.261479139328002930e+00
5.409632682800292969e+00
5.515511035919189453e+00
4.911544799804687500e+00
3.765362977981567383e+00
4.699341773986816406e+00
4.569674968719482422e+00
5.387806892395019531e+00
4.334650516510009766e+00
4.801353454589843750e+00
4.744242668151855469e+00
4.511559963226318359e+00
6.088582038879394531e+00
4.263879776000976562e+00
4.352192401885986328e+00
4.680851459503173828e+00
3.582544326782226562e+00
4.135172367095947266e+00
5.870728969573974609e+00
4.983148097991943359e+00
5.380894184112548828e+00
4.485422134399414062e+00
4.384119510650634766e+00
4.394077777862548828e+00
4.086059570312500000e+00
4.019794940948486328e+00
3.334165096282958984e+00
5.341223239898681641e+00
3.561543703079223633e+00
3.487467765808105469e+00
3.835835695266723633e+00
4.929903984069824219e+00
3.947699785232543945e+00
3.352188348770141602e+00
4.551743030548095703e+00
3.391123771667480469e+00
4.287200450897216797e+00
3.035829305648803711e+00
2.831809520721435547e+00
4.313081741333007812e+00
5.684751033782958984e+00
4.328760147094726562e+00
3.825332164764404297e+00
4.526088714599609375e+00
3.227048397064208984e+00
4.101856231689453125e+00
4.966598033905029297e+00
3.484034776687622070e+00
5.094834804534912109e+00
4.167375564575195312e+00
4.029740810394287109e+00
3.678449630737304688e+00
4.333489894866943359e+00
5.198146343231201172e+00
3.630775690078735352e+00
3.850096702575683594e+00
4.414318561553955078e+00
6.084175109863281250e+00
4.263343334197998047e+00
4.513918399810791016e+00
3.991488456726074219e+00
3.709545373916625977e+00
4.399300575256347656e+00
4.752602577209472656e+00
3.847637176513671875e+00
3.462418079376220703e+00
3.232493877410888672e+00
5.059066295623779297e+00
4.439595222473144531e+00
3.880399942398071289e+00
3.298532724380493164e+00
4.807999134063720703e+00
4.994791507720947266e+00
4.346038341522216797e+00
5.012450218200683594e+00
4.058688163757324219e+00
3.880220890045166016e+00
5.675314426422119141e+00
4.602344036102294922e+00
4.876566886901855469e+00
5.717848777770996094e+00
4.550498008728027344e+00
4.966679573059082031e+00
4.336538791656494141e+00
4.292621135711669922e+00
4.659320831298828125e+00
4.551970958709716797e+00
4.552397251129150391e+00
3.244372606277465820e+00
3.599153995513916016e+00
4.904374122619628906e+00
4.725261688232421875e+00
5.533761501312255859e+00
2.737921953201293945e+00
5.475723743438720703e+00
5.173415660858154297e+00
4.717869758605957031e+00
4.607315540313720703e+00
5.693350315093994141e+00
5.081798076629638672e+00
4.694515228271484375e+00
4.383829593658447266e+00
4.405524730682373047e+00
5.058331489562988281e+00
5.289622306823730469e+00
4.692560672760009766e+00
3.705532312393188477e+00
3.054086685180664062e+00
3.624610185623168945e+00
5.778270244598388672e+00
5.573279857635498047e+00
4.766477108001708984e+00
3.848141908645629883e+00
5.876907825469970703e+00
3.435305118560791016e+00
4.070699691772460938e+00
5.674842834472656250e+00
4.219135284423828125e+00
4.383149623870849609e+00
5.226860046386718750e+00
