5.203305277973413467e-03
3.032665932551026344e-03
1.707241288386285305e-03
1.161654479801654816e-03
1.022645737975835800e-03
8.326494134962558746e-04
9.324218262918293476e-04
8.452361798845231533e-04
8.971845963969826698e-04
7.153417100198566914e-04
8.713581482879817486e-04
8.409984293393790722e-04
7.917200564406812191e-04
7.860835175961256027e-04
7.220372790470719337e-04
8.162323501892387867e-04
8.238612208515405655e-04
7.776027778163552284e-04
7.539047510363161564e-04
7.199346437118947506e-04
