3.768892213702201843e-02
5.294281058013439178e-03
4.807515069842338562e-03
5.895092617720365524e-03
5.922344978898763657e-03
5.705959629267454147e-03
3.543540602549910545e-03
4.015073645859956741e-03
1.475901925005018711e-03
1.975131221115589142e-03
1.029518898576498032e-03
1.241650781594216824e-03
1.332468702457845211e-03
1.034481800161302090e-03
1.381308771669864655e-03
6.354363285936415195e-04
1.021991949528455734e-03
1.111542456783354282e-03
8.995748939923942089e-04
5.788002163171768188e-04
