1.765674203634262085e-01
5.103213712573051453e-03
4.428527783602476120e-03
4.698793869465589523e-03
3.965789917856454849e-03
3.561501624062657356e-03
4.630364943295717239e-03
2.982739824801683426e-03
2.273754449561238289e-03
3.095875028520822525e-03
3.343912540003657341e-03
2.542236354202032089e-03
2.112520160153508186e-03
1.946754520758986473e-03
1.178749254904687405e-03
9.190442506223917007e-04
1.372724305838346481e-03
1.270033768378198147e-03
2.715111942961812019e-03
1.210199086926877499e-03
