4.027695581316947937e-02
7.190971635282039642e-03
5.837947130203247070e-03
6.993698887526988983e-03
5.280046723783016205e-03
4.894756246358156204e-03
4.974236711859703064e-03
4.611550364643335342e-03
4.495230503380298615e-03
4.544251598417758942e-03
4.064521752297878265e-03
3.766182111576199532e-03
4.888383671641349792e-03
3.684901865199208260e-03
3.981580957770347595e-03
3.225441556423902512e-03
3.162675071507692337e-03
4.010132979601621628e-03
3.157017519697546959e-03
2.752560190856456757e-03
