1.083421945571899414e+00
8.684124946594238281e-01
5.931302905082702637e-01
4.573261141777038574e-01
4.592934846878051758e-01
4.555198848247528076e-01
4.449976086616516113e-01
5.137127041816711426e-01
4.071367383003234863e-01
4.384624361991882324e-01
4.627801775932312012e-01
4.931959807872772217e-01
4.720185995101928711e-01
4.813391566276550293e-01
5.815506577491760254e-01
4.929511845111846924e-01
4.533055722713470459e-01
5.053880810737609863e-01
3.998396098613739014e-01
3.571376502513885498e-01
3.178637027740478516e-01
4.752443432807922363e-01
4.839722514152526855e-01
3.326336741447448730e-01
4.335072338581085205e-01
6.846231222152709961e-01
5.203260183334350586e-01
3.627963066101074219e-01
5.621343851089477539e-01
4.959981441497802734e-01
4.338942468166351318e-01
3.313408792018890381e-01
4.740039706230163574e-01
3.667379915714263916e-01
5.541921854019165039e-01
3.427877724170684814e-01
5.348576903343200684e-01
4.864054024219512939e-01
4.147353172302246094e-01
4.123660027980804443e-01
3.542066812515258789e-01
2.833218276500701904e-01
2.961923182010650635e-01
3.212772905826568604e-01
3.102186024188995361e-01
3.319186568260192871e-01
2.516988217830657959e-01
2.255358248949050903e-01
2.755093276500701904e-01
2.331907004117965698e-01
2.242836952209472656e-01
2.024934887886047363e-01
2.311192750930786133e-01
1.859802454710006714e-01
1.830794364213943481e-01
1.606964319944381714e-01
1.481976509094238281e-01
1.680972576141357422e-01
1.851866245269775391e-01
1.615010052919387817e-01
1.554620563983917236e-01
1.523412764072418213e-01
1.414963454008102417e-01
1.441422849893569946e-01
1.342711597681045532e-01
1.373122632503509521e-01
1.269447803497314453e-01
1.416509002447128296e-01
1.348168700933456421e-01
1.155215501785278320e-01
1.466462463140487671e-01
1.222679466009140015e-01
1.309252977371215820e-01
1.364964097738265991e-01
1.368506699800491333e-01
1.499328911304473877e-01
1.320725232362747192e-01
1.067143902182579041e-01
1.351723670959472656e-01
1.189273223280906677e-01
1.118292137980461121e-01
1.192696243524551392e-01
1.346011906862258911e-01
1.285867989063262939e-01
1.108485609292984009e-01
1.181081235408782959e-01
1.016593277454376221e-01
9.714585542678833008e-02
1.157665103673934937e-01
1.200873181223869324e-01
1.075270324945449829e-01
1.236013770103454590e-01
1.261539757251739502e-01
1.261608898639678955e-01
1.303891390562057495e-01
1.226648837327957153e-01
1.189616993069648743e-01
1.166054904460906982e-01
1.202772632241249084e-01
1.224053278565406799e-01
1.162967383861541748e-01
1.185789704322814941e-01
1.311635375022888184e-01
1.204707175493240356e-01
1.059362143278121948e-01
1.008403822779655457e-01
1.089764460921287537e-01
1.176303327083587646e-01
1.112853437662124634e-01
9.873102605342864990e-02
1.319035589694976807e-01
1.177156940102577209e-01
1.047638654708862305e-01
1.104523986577987671e-01
1.142872571945190430e-01
1.203351393342018127e-01
9.918460249900817871e-02
9.801988303661346436e-02
1.044088974595069885e-01
8.842130005359649658e-02
1.143622770905494690e-01
1.030828654766082764e-01
1.051736101508140564e-01
8.384091407060623169e-02
9.595672041177749634e-02
1.056862026453018188e-01
9.540668874979019165e-02
1.012073904275894165e-01
8.769626170396804810e-02
1.013446077704429626e-01
1.031745821237564087e-01
1.043580174446105957e-01
9.467077255249023438e-02
7.703840732574462891e-02
9.156955778598785400e-02
9.595557302236557007e-02
9.196101874113082886e-02
9.056399762630462646e-02
1.036662682890892029e-01
9.448341280221939087e-02
1.084197834134101868e-01
1.194719895720481873e-01
9.510333836078643799e-02
1.028429046273231506e-01
9.794938564300537109e-02
1.238506659865379333e-01
1.002204567193984985e-01
1.091577634215354919e-01
9.930203855037689209e-02
9.646257013082504272e-02
1.104637831449508667e-01
9.751976281404495239e-02
8.659776300191879272e-02
9.371332824230194092e-02
9.219232201576232910e-02
1.050898507237434387e-01
7.842294126749038696e-02
7.854261249303817749e-02
7.250475138425827026e-02
9.917245805263519287e-02
1.071546301245689392e-01
1.083270832896232605e-01
9.348125010728836060e-02
9.292722493410110474e-02
9.003815054893493652e-02
7.674600929021835327e-02
9.402441978454589844e-02
8.973353356122970581e-02
1.017446443438529968e-01
9.523384273052215576e-02
9.731180220842361450e-02
1.282878071069717407e-01
9.914427995681762695e-02
1.131477132439613342e-01
1.124524399638175964e-01
9.251800179481506348e-02
1.224832385778427124e-01
9.424935281276702881e-02
8.793649077415466309e-02
8.047149330377578735e-02
9.375158697366714478e-02
9.523900598287582397e-02
7.420364022254943848e-02
9.036907553672790527e-02
9.509106725454330444e-02
8.731129020452499390e-02
8.281962573528289795e-02
1.152441501617431641e-01
1.031847298145294189e-01
1.115761473774909973e-01
1.014490872621536255e-01
8.536427468061447144e-02
8.939494937658309937e-02
9.043666720390319824e-02
8.034542202949523926e-02
8.374686539173126221e-02
9.882248193025588989e-02
8.316393196582794189e-02
8.716384321451187134e-02
1.011367887258529663e-01
8.475389331579208374e-02
1.168061271309852600e-01
8.066397160291671753e-02
8.302894234657287598e-02
1.015157029032707214e-01
9.473130106925964355e-02
9.426642209291458130e-02
1.012743115425109863e-01
9.235583245754241943e-02
9.934726357460021973e-02
9.495984762907028198e-02
9.439951926469802856e-02
8.558695763349533081e-02
1.019330471754074097e-01
8.635358512401580811e-02
8.475806564092636108e-02
8.587199449539184570e-02
9.692592173814773560e-02
8.667726069688796997e-02
9.769216924905776978e-02
1.033379361033439636e-01
1.086136922240257263e-01
9.318429231643676758e-02
9.033458679914474487e-02
9.917604923248291016e-02
8.278717100620269775e-02
8.679886162281036377e-02
7.812484353780746460e-02
9.733539074659347534e-02
7.207720726728439331e-02
7.560258358716964722e-02
8.647578209638595581e-02
7.959888875484466553e-02
8.750060200691223145e-02
9.858942031860351562e-02
9.303450584411621094e-02
9.397910535335540771e-02
7.855205237865447998e-02
7.981280982494354248e-02
9.431160986423492432e-02
9.059748053550720215e-02
9.593388438224792480e-02
9.632938355207443237e-02
9.199665486812591553e-02
8.710643649101257324e-02
9.089179337024688721e-02
7.962260395288467407e-02
8.863867819309234619e-02
8.156548440456390381e-02
9.550701081752777100e-02
8.557534217834472656e-02
9.782672673463821411e-02
8.811385184526443481e-02
1.109379827976226807e-01
6.792448461055755615e-02
7.752833515405654907e-02
7.910170406103134155e-02
7.969748973846435547e-02
7.898403704166412354e-02
9.533649682998657227e-02
9.405741840600967407e-02
7.309142500162124634e-02
6.400206685066223145e-02
8.343222737312316895e-02
8.819574862718582153e-02
8.233598619699478149e-02
9.154456853866577148e-02
9.537518024444580078e-02
7.938718795776367188e-02
8.360124379396438599e-02
7.857318222522735596e-02
6.684385240077972412e-02
8.781172335147857666e-02
6.784919649362564087e-02
8.733768761157989502e-02
9.437245130538940430e-02
7.159192860126495361e-02
9.237155318260192871e-02
7.674667984247207642e-02
7.154154777526855469e-02
9.344217181205749512e-02
7.229413837194442749e-02
8.745754510164260864e-02
6.704991310834884644e-02
8.379552513360977173e-02
1.020036563277244568e-01
9.688564389944076538e-02
8.563229441642761230e-02
8.327681571245193481e-02
7.977574318647384644e-02
8.082539588212966919e-02
8.994507044553756714e-02
7.068926095962524414e-02
8.837034553289413452e-02
8.123211562633514404e-02
7.744786888360977173e-02
7.837750762701034546e-02
7.726205885410308838e-02
8.368746191263198853e-02
8.783185482025146484e-02
8.011431246995925903e-02
8.439855277538299561e-02
8.674634248018264771e-02
7.848963141441345215e-02
8.962868154048919678e-02
7.778219878673553467e-02
8.982712030410766602e-02
8.007220178842544556e-02
9.869126975536346436e-02
9.327357262372970581e-02
7.483181357383728027e-02
8.879578113555908203e-02
8.230537176132202148e-02
8.074782043695449829e-02
8.398611098527908325e-02
9.247719496488571167e-02
7.070747017860412598e-02
7.930079102516174316e-02
8.236674219369888306e-02
7.478388398885726929e-02
7.530342787504196167e-02
7.077641040086746216e-02
7.747109234333038330e-02
6.725068390369415283e-02
6.699909269809722900e-02
7.223256677389144897e-02
6.330046057701110840e-02
6.382430344820022583e-02
6.566478312015533447e-02
7.201917469501495361e-02
6.612203270196914673e-02
7.124357670545578003e-02
6.132611259818077087e-02
6.018462032079696655e-02
7.293991744518280029e-02
6.957872956991195679e-02
6.469448655843734741e-02
5.686983466148376465e-02
5.776753649115562439e-02
6.129710003733634949e-02
5.502032488584518433e-02
5.044869333505630493e-02
6.072609871625900269e-02
5.926493927836418152e-02
5.190482363104820251e-02
5.324285477399826050e-02
5.306301265954971313e-02
4.790952801704406738e-02
5.889717862010002136e-02
5.252497643232345581e-02
4.816355556249618530e-02
5.576585233211517334e-02
5.017787590622901917e-02
5.469449982047080994e-02
4.271838814020156860e-02
4.616649076342582703e-02
5.273399129509925842e-02
4.275180026888847351e-02
4.856831952929496765e-02
4.370206966996192932e-02
3.940990194678306580e-02
3.899762406945228577e-02
4.815506562590599060e-02
4.121129587292671204e-02
4.663808271288871765e-02
3.931150957942008972e-02
3.933633863925933838e-02
4.529918357729911804e-02
3.807955980300903320e-02
3.970523551106452942e-02
3.421704098582267761e-02
3.793754056096076965e-02
3.637632355093955994e-02
3.573375940322875977e-02
4.174762591719627380e-02
3.718280047178268433e-02
3.594807907938957214e-02
4.073165357112884521e-02
3.916712850332260132e-02
3.371555358171463013e-02
3.472817316651344299e-02
3.677031770348548889e-02
3.274364396929740906e-02
3.850489109754562378e-02
4.019764810800552368e-02
3.452206403017044067e-02
3.358338773250579834e-02
4.295318201184272766e-02
3.662317246198654175e-02
3.206219151616096497e-02
3.619892150163650513e-02
3.238413855433464050e-02
3.208293020725250244e-02
3.087371960282325745e-02
3.440956026315689087e-02
3.134100139141082764e-02
3.445332869887351990e-02
3.721667826175689697e-02
3.519792109727859497e-02
4.256535321474075317e-02
3.231558203697204590e-02
3.268145769834518433e-02
3.622666373848915100e-02
4.093434661626815796e-02
3.896496444940567017e-02
3.466066718101501465e-02
3.059045411646366119e-02
3.096225112676620483e-02
2.925738133490085602e-02
3.724430128931999207e-02
4.832248389720916748e-02
4.976969957351684570e-02
3.887081891298294067e-02
4.445262253284454346e-02
4.616817831993103027e-02
3.535060584545135498e-02
3.353751078248023987e-02
3.150572255253791809e-02
3.947875648736953735e-02
3.455335646867752075e-02
3.297969326376914978e-02
3.381764516234397888e-02
3.585406392812728882e-02
3.438089415431022644e-02
4.557580500841140747e-02
3.295214474201202393e-02
3.534933924674987793e-02
3.321166336536407471e-02
3.575454279780387878e-02
3.594780340790748596e-02
3.347286581993103027e-02
3.500917926430702209e-02
2.944207191467285156e-02
3.356283158063888550e-02
3.965741023421287537e-02
4.071419686079025269e-02
3.534834459424018860e-02
3.525467962026596069e-02
3.118169493973255157e-02
3.342800959944725037e-02
3.380850329995155334e-02
3.248592466115951538e-02
2.601599507033824921e-02
3.167272731661796570e-02
3.239809721708297729e-02
3.134063258767127991e-02
2.965434081852436066e-02
5.566625297069549561e-02
3.113748319447040558e-02
3.418600559234619141e-02
2.881701476871967316e-02
3.018911182880401611e-02
3.214895725250244141e-02
3.408452868461608887e-02
5.230117589235305786e-02
2.827732637524604797e-02
3.220693394541740417e-02
2.941183373332023621e-02
4.468499869108200073e-02
3.345593810081481934e-02
3.322744742035865784e-02
3.074337728321552277e-02
3.364751860499382019e-02
3.079107776284217834e-02
3.462105616927146912e-02
3.148484230041503906e-02
2.917956002056598663e-02
4.395285993814468384e-02
3.182256594300270081e-02
4.930397868156433105e-02
3.311931341886520386e-02
3.817398846149444580e-02
3.602702543139457703e-02
3.305298462510108948e-02
3.606233745813369751e-02
2.946740761399269104e-02
3.115212172269821167e-02
3.301837295293807983e-02
3.429177403450012207e-02
3.134512901306152344e-02
3.469943255186080933e-02
3.026219643652439117e-02
2.835013344883918762e-02
3.493373841047286987e-02
3.263158723711967468e-02
3.587909787893295288e-02
3.430995717644691467e-02
3.054933808743953705e-02
3.338211774826049805e-02
3.742749989032745361e-02
3.471198678016662598e-02
3.324377164244651794e-02
2.916011586785316467e-02
2.987107448279857635e-02
3.018952533602714539e-02
3.244280442595481873e-02
3.206667676568031311e-02
3.219665586948394775e-02
3.151182457804679871e-02
3.347560763359069824e-02
2.822786383330821991e-02
3.600652515888214111e-02
3.555897623300552368e-02
2.876983769237995148e-02
2.924647927284240723e-02
3.204849734902381897e-02
3.076714091002941132e-02
2.837623469531536102e-02
3.497536107897758484e-02
3.279105946421623230e-02
2.660089358687400818e-02
2.836165949702262878e-02
3.187702596187591553e-02
3.070343658328056335e-02
3.320008516311645508e-02
2.652086876332759857e-02
2.886154316365718842e-02
3.030459955334663391e-02
4.071217775344848633e-02
3.527077659964561462e-02
3.001400642096996307e-02
2.938120812177658081e-02
3.036360070109367371e-02
3.102657757699489594e-02
3.132800385355949402e-02
3.347215056419372559e-02
3.079977072775363922e-02
4.243339225649833679e-02
3.349202126264572144e-02
2.833126671612262726e-02
3.568711504340171814e-02
3.020823374390602112e-02
3.650600835680961609e-02
2.675604820251464844e-02
2.752716653048992157e-02
2.983510866761207581e-02
2.488393150269985199e-02
2.821885049343109131e-02
2.999092079699039459e-02
3.406583890318870544e-02
3.073652461171150208e-02
3.635945543646812439e-02
3.704396262764930725e-02
2.503591775894165039e-02
3.227894380688667297e-02
3.264589235186576843e-02
3.281645849347114563e-02
2.882838994264602661e-02
3.585017845034599304e-02
2.921047993004322052e-02
2.864047698676586151e-02
2.586222440004348755e-02
2.818358317017555237e-02
3.476184979081153870e-02
3.216522559523582458e-02
3.847328945994377136e-02
2.773452363908290863e-02
2.685694210231304169e-02
2.869105339050292969e-02
3.238701820373535156e-02
3.380272909998893738e-02
2.641347423195838928e-02
2.956347912549972534e-02
3.640826046466827393e-02
2.826242335140705109e-02
3.551899641752243042e-02
2.827763184905052185e-02
4.206752032041549683e-02
2.874840050935745239e-02
3.078834898769855499e-02
3.802274912595748901e-02
2.688405103981494904e-02
3.405652567744255066e-02
2.872057817876338959e-02
3.358978778123855591e-02
3.468630462884902954e-02
3.671989589929580688e-02
3.109640069305896759e-02
3.415351733565330505e-02
3.322315961122512817e-02
3.345631435513496399e-02
2.972873114049434662e-02
2.839126437902450562e-02
3.061614558100700378e-02
3.024299070239067078e-02
3.159352019429206848e-02
2.505172789096832275e-02
3.351026400923728943e-02
3.676270321011543274e-02
3.172060474753379822e-02
3.090225346386432648e-02
2.959590218961238861e-02
2.691840566694736481e-02
2.858388982713222504e-02
3.137172758579254150e-02
3.032416105270385742e-02
2.770820073783397675e-02
2.836083248257637024e-02
2.783650718629360199e-02
2.633562497794628143e-02
2.906090952455997467e-02
2.643875218927860260e-02
3.762644901871681213e-02
3.134919703006744385e-02
3.234833851456642151e-02
3.047785907983779907e-02
2.548882924020290375e-02
2.840452268719673157e-02
3.114071115851402283e-02
3.072242625057697296e-02
2.672979608178138733e-02
2.595696970820426941e-02
2.937601506710052490e-02
2.564698271453380585e-02
3.281532227993011475e-02
3.115834854543209076e-02
2.875154092907905579e-02
3.022626228630542755e-02
3.148242458701133728e-02
2.780307270586490631e-02
3.251783922314643860e-02
2.494223415851593018e-02
2.997068315744400024e-02
2.852148376405239105e-02
2.796646207571029663e-02
3.117548115551471710e-02
2.644705027341842651e-02
3.983696922659873962e-02
3.036883845925331116e-02
3.426923975348472595e-02
3.155801817774772644e-02
2.650521509349346161e-02
3.108012303709983826e-02
2.729898132383823395e-02
2.654214203357696533e-02
2.705443277955055237e-02
2.618302963674068451e-02
3.553685918450355530e-02
2.658859267830848694e-02
2.616532891988754272e-02
2.659763023257255554e-02
3.083371743559837341e-02
3.357220441102981567e-02
3.489290177822113037e-02
2.640260383486747742e-02
2.704382501542568207e-02
3.297495841979980469e-02
2.930102497339248657e-02
3.306540101766586304e-02
2.301557362079620361e-02
2.767662517726421356e-02
3.270081058144569397e-02
3.317310288548469543e-02
3.681932017207145691e-02
2.650435641407966614e-02
3.187678754329681396e-02
3.336333110928535461e-02
2.431457117199897766e-02
3.349594399333000183e-02
2.894325181841850281e-02
2.594767883419990540e-02
2.795096486806869507e-02
2.683125995099544525e-02
2.775748074054718018e-02
2.593171782791614532e-02
2.654194831848144531e-02
2.932398580014705658e-02
4.112792760133743286e-02
3.149392083287239075e-02
3.358219191431999207e-02
2.496033534407615662e-02
2.703045867383480072e-02
3.019773028790950775e-02
2.823917008936405182e-02
3.272112831473350525e-02
2.695251256227493286e-02
2.778420969843864441e-02
2.636258676648139954e-02
2.932976931333541870e-02
2.857397310435771942e-02
2.709362469613552094e-02
3.940045088529586792e-02
3.971949219703674316e-02
2.137800306081771851e-02
3.101431205868721008e-02
2.668407373130321503e-02
2.437369152903556824e-02
2.758554741740226746e-02
2.801850624382495880e-02
3.188111633062362671e-02
2.850191108882427216e-02
2.575812488794326782e-02
3.229006752371788025e-02
3.421483933925628662e-02
3.134477511048316956e-02
2.919009514153003693e-02
2.710394747555255890e-02
2.931274101138114929e-02
2.707844786345958710e-02
3.177123516798019409e-02
3.048763610422611237e-02
3.130071982741355896e-02
2.557714097201824188e-02
2.279520221054553986e-02
2.231975831091403961e-02
3.038167580962181091e-02
3.215992450714111328e-02
2.541709877550601959e-02
2.636291086673736572e-02
2.721626125276088715e-02
2.723924070596694946e-02
2.768775261938571930e-02
2.354411222040653229e-02
2.516938745975494385e-02
3.080445341765880585e-02
2.756655588746070862e-02
3.175752237439155579e-02
2.795047685503959656e-02
2.973886020481586456e-02
3.053591027855873108e-02
2.513338066637516022e-02
2.809340506792068481e-02
4.094751179218292236e-02
2.787703834474086761e-02
2.783318608999252319e-02
2.843270450830459595e-02
3.489437699317932129e-02
2.461352571845054626e-02
2.424920536577701569e-02
3.450637310743331909e-02
2.806546352803707123e-02
2.541725337505340576e-02
2.856701426208019257e-02
3.027907945215702057e-02
2.936240844428539276e-02
2.351911738514900208e-02
2.668043971061706543e-02
2.669672295451164246e-02
2.634877339005470276e-02
2.868924848735332489e-02
2.814408764243125916e-02
2.965512312948703766e-02
2.350681647658348083e-02
4.045174643397331238e-02
2.578022703528404236e-02
2.334308438003063202e-02
3.140559047460556030e-02
3.761238232254981995e-02
2.820992469787597656e-02
2.948679029941558838e-02
2.752838842570781708e-02
3.003406897187232971e-02
2.625211142003536224e-02
2.623642608523368835e-02
2.992750331759452820e-02
2.718260884284973145e-02
2.683577314019203186e-02
2.505161799490451813e-02
2.697872184216976166e-02
3.092735633254051208e-02
3.010811842978000641e-02
2.802891470491886139e-02
2.644443325698375702e-02
2.832560054957866669e-02
2.815462276339530945e-02
2.883428521454334259e-02
2.460057847201824188e-02
2.765856869518756866e-02
3.032752871513366699e-02
2.736633829772472382e-02
2.800377644598484039e-02
2.241734229028224945e-02
3.148100152611732483e-02
3.246976807713508606e-02
2.477907575666904449e-02
2.294875308871269226e-02
2.709228545427322388e-02
2.358937077224254608e-02
2.988357096910476685e-02
2.487383969128131866e-02
3.115984797477722168e-02
2.556825056672096252e-02
2.526852674782276154e-02
2.839585207402706146e-02
2.901151217520236969e-02
3.234115615487098694e-02
3.027860447764396667e-02
2.454316988587379456e-02
2.430207654833793640e-02
2.753738500177860260e-02
2.518526464700698853e-02
2.678484655916690826e-02
2.522278390824794769e-02
3.098266385495662689e-02
2.543409168720245361e-02
2.510027773678302765e-02
3.992737457156181335e-02
2.236488275229930878e-02
2.815046720206737518e-02
2.672664821147918701e-02
2.618381381034851074e-02
2.309159748256206512e-02
2.610443159937858582e-02
2.927554585039615631e-02
2.900411933660507202e-02
3.539643809199333191e-02
3.002679161727428436e-02
2.667547389864921570e-02
3.040344081819057465e-02
3.359400480985641479e-02
2.909908071160316467e-02
2.670575678348541260e-02
2.523852512240409851e-02
2.740563824772834778e-02
2.294758893549442291e-02
2.806054800748825073e-02
3.159261494874954224e-02
2.364766784012317657e-02
2.812245301902294159e-02
2.612417936325073242e-02
4.162486270070075989e-02
3.245129436254501343e-02
2.277320623397827148e-02
2.949221432209014893e-02
2.493212930858135223e-02
2.763614058494567871e-02
2.870148979127407074e-02
2.884646505117416382e-02
3.032041341066360474e-02
2.441681921482086182e-02
2.486795000731945038e-02
2.737365663051605225e-02
3.392120078206062317e-02
2.654865011572837830e-02
2.312910556793212891e-02
2.408160082995891571e-02
3.185380995273590088e-02
2.673093788325786591e-02
2.724961377680301666e-02
2.739360556006431580e-02
2.368511632084846497e-02
2.625184506177902222e-02
2.444216981530189514e-02
2.545709349215030670e-02
3.140605241060256958e-02
2.700610831379890442e-02
2.723419107496738434e-02
2.980594523251056671e-02
3.354885801672935486e-02
2.733039110898971558e-02
2.540213055908679962e-02
2.484077215194702148e-02
2.717218175530433655e-02
2.258194796741008759e-02
2.632880769670009613e-02
2.663838304579257965e-02
2.994916960597038269e-02
2.360316179692745209e-02
3.263015672564506531e-02
3.364192321896553040e-02
2.497643791139125824e-02
2.964684553444385529e-02
2.607562951743602753e-02
2.166222967207431793e-02
2.659120038151741028e-02
2.851598151028156281e-02
2.250179648399353027e-02
2.674512565135955811e-02
3.595697507262229919e-02
2.932194061577320099e-02
2.730891853570938110e-02
2.599712647497653961e-02
3.390002623200416565e-02
2.449116669595241547e-02
2.438488230109214783e-02
2.276717126369476318e-02
2.369881793856620789e-02
2.452841959893703461e-02
2.449832297861576080e-02
2.531594783067703247e-02
2.396325580775737762e-02
2.593174204230308533e-02
2.475852891802787781e-02
2.587960287928581238e-02
2.627934329211711884e-02
2.697946131229400635e-02
2.533175796270370483e-02
2.794617414474487305e-02
2.563103847205638885e-02
2.515236474573612213e-02
2.765474654734134674e-02
2.576651796698570251e-02
2.875269576907157898e-02
2.775583043694496155e-02
2.298256754875183105e-02
2.620228379964828491e-02
2.427561394870281219e-02
2.251807227730751038e-02
2.635300718247890472e-02
2.920449152588844299e-02
3.027708269655704498e-02
2.382972836494445801e-02
2.443726360797882080e-02
2.497893199324607849e-02
2.534817717969417572e-02
2.699386700987815857e-02
2.097950316965579987e-02
2.932250499725341797e-02
2.535210177302360535e-02
2.641984447836875916e-02
2.871915884315967560e-02
2.641515247523784637e-02
2.479099482297897339e-02
3.063905052840709686e-02
3.178817406296730042e-02
2.474045008420944214e-02
2.664255537092685699e-02
2.516468241810798645e-02
2.445401251316070557e-02
2.534486539661884308e-02
2.913700230419635773e-02
2.738963998854160309e-02
2.432734332978725433e-02
2.454713173210620880e-02
2.156625874340534210e-02
2.551662549376487732e-02
2.670847624540328979e-02
2.800780534744262695e-02
2.394446916878223419e-02
3.105277009308338165e-02
2.381337620317935944e-02
2.675209194421768188e-02
2.766099944710731506e-02
2.688559144735336304e-02
2.943326160311698914e-02
2.692051418125629425e-02
2.559211663901805878e-02
2.702714130282402039e-02
2.313845418393611908e-02
2.551733143627643585e-02
2.474446594715118408e-02
2.471719682216644287e-02
2.686921879649162292e-02
3.141546249389648438e-02
2.058961987495422363e-02
2.442690171301364899e-02
3.034321032464504242e-02
2.608542889356613159e-02
2.357378974556922913e-02
2.527279406785964966e-02
2.599533088505268097e-02
2.159104496240615845e-02
3.535551950335502625e-02
2.515305578708648682e-02
2.607307583093643188e-02
2.400651387870311737e-02
2.042072452604770660e-02
2.237628214061260223e-02
2.748230658471584320e-02
2.489543892443180084e-02
2.430193684995174408e-02
2.636650577187538147e-02
2.309378236532211304e-02
2.490557357668876648e-02
2.276247367262840271e-02
2.619026787579059601e-02
2.501046285033226013e-02
2.681774646043777466e-02
2.063945867121219635e-02
2.167523279786109924e-02
2.202699519693851471e-02
2.383102104067802429e-02
2.475877106189727783e-02
2.803730405867099762e-02
3.129376471042633057e-02
2.886166796088218689e-02
2.726421877741813660e-02
2.901414409279823303e-02
2.336029894649982452e-02
3.126874193549156189e-02
2.392199262976646423e-02
2.674783021211624146e-02
2.370173111557960510e-02
2.266147173941135406e-02
2.641705423593521118e-02
2.705343253910541534e-02
2.942001447081565857e-02
3.053513355553150177e-02
2.485562115907669067e-02
2.277652174234390259e-02
2.306180074810981750e-02
2.641586400568485260e-02
3.037982992827892303e-02
3.125147894024848938e-02
2.412802726030349731e-02
2.616740576922893524e-02
2.795115672051906586e-02
2.358763292431831360e-02
2.716580033302307129e-02
2.563706226646900177e-02
1.894514262676239014e-02
2.825115621089935303e-02
2.901912853121757507e-02
2.684709429740905762e-02
2.971346862614154816e-02
2.444030344486236572e-02
2.693169377744197845e-02
2.285229787230491638e-02
2.020966820418834686e-02
3.348442167043685913e-02
2.880009450018405914e-02
2.348558232188224792e-02
2.922312542796134949e-02
2.278566546738147736e-02
2.439377084374427795e-02
2.678827196359634399e-02
2.450338937342166901e-02
2.219482697546482086e-02
2.569044940173625946e-02
2.355480566620826721e-02
2.447356283664703369e-02
2.225407399237155914e-02
2.206904068589210510e-02
2.242607623338699341e-02
2.348385192453861237e-02
3.172702714800834656e-02
2.733569778501987457e-02
2.595630288124084473e-02
2.609977498650550842e-02
2.643031999468803406e-02
2.421478927135467529e-02
2.397398278117179871e-02
3.202167898416519165e-02
2.379958331584930420e-02
2.773483283817768097e-02
2.396476455032825470e-02
2.669258788228034973e-02
2.202561497688293457e-02
3.734407573938369751e-02
2.705034054815769196e-02
1.950687542557716370e-02
2.295269258320331573e-02
2.383476495742797852e-02
2.464086376130580902e-02
2.798217535018920898e-02
2.363559417426586151e-02
2.570408396422863007e-02
2.025439962744712830e-02
2.586688660085201263e-02
2.583460509777069092e-02
2.233935892581939697e-02
2.383748069405555725e-02
2.235261909663677216e-02
3.034713678061962128e-02
2.117950096726417542e-02
2.643189951777458191e-02
2.370371110737323761e-02
3.123098239302635193e-02
2.234711498022079468e-02
3.033735416829586029e-02
2.465383335947990417e-02
2.424735575914382935e-02
2.384177036583423615e-02
2.542354166507720947e-02
2.775272354483604431e-02
2.992900088429450989e-02
2.497647702693939209e-02
2.018943615257740021e-02
2.592463418841362000e-02
2.306431718170642853e-02
2.410609461367130280e-02
2.433822117745876312e-02
3.228840976953506470e-02
2.299097180366516113e-02
2.541319280862808228e-02
2.243717201054096222e-02
2.241746336221694946e-02
2.841577120125293732e-02
2.330598980188369751e-02
2.322018705308437347e-02
2.835340425372123718e-02
2.458985894918441772e-02
2.378660254180431366e-02
2.226275391876697540e-02
2.701130881905555725e-02
2.525921538472175598e-02
2.141359075903892517e-02
3.748951852321624756e-02
2.511312998831272125e-02
2.694887667894363403e-02
2.559455297887325287e-02
2.330909855663776398e-02
2.559021674096584320e-02
2.528578788042068481e-02
2.632171101868152618e-02
2.678478695452213287e-02
2.834794856607913971e-02
2.681840583682060242e-02
2.482573874294757843e-02
2.600709907710552216e-02
2.264848724007606506e-02
2.780168317258358002e-02
2.383402176201343536e-02
2.488761767745018005e-02
2.593025378882884979e-02
2.604737877845764160e-02
2.429957129061222076e-02
2.635074220597743988e-02
2.403840608894824982e-02
2.365687489509582520e-02
2.180683799088001251e-02
2.196197956800460815e-02
2.372181974351406097e-02
2.240668609738349915e-02
2.081325650215148926e-02
2.924123033881187439e-02
2.106888778507709503e-02
2.496960014104843140e-02
2.462029270827770233e-02
2.284356392920017242e-02
2.455954439938068390e-02
2.389527671039104462e-02
2.245968393981456757e-02
2.315986901521682739e-02
2.481916546821594238e-02
2.573189511895179749e-02
2.571316063404083252e-02
2.528887242078781128e-02
2.414587512612342834e-02
2.364953048527240753e-02
2.462125755846500397e-02
2.622108533978462219e-02
2.530331164598464966e-02
2.086870558559894562e-02
2.373987063765525818e-02
2.079039812088012695e-02
2.216734178364276886e-02
2.347718179225921631e-02
2.256012894213199615e-02
2.739151194691658020e-02
2.405471727252006531e-02
2.447177655994892120e-02
2.240799553692340851e-02
1.977211795747280121e-02
2.572514675557613373e-02
2.293428778648376465e-02
2.825938910245895386e-02
2.286211214959621429e-02
2.306041494011878967e-02
2.431072108447551727e-02
2.369614690542221069e-02
2.175063639879226685e-02
2.601028606295585632e-02
2.119407057762145996e-02
2.112974226474761963e-02
2.265119180083274841e-02
2.170266211032867432e-02
2.891704998910427094e-02
2.191067859530448914e-02
2.519252151250839233e-02
2.296477928757667542e-02
3.045779094099998474e-02
2.400556206703186035e-02
2.274694666266441345e-02
2.011755295097827911e-02
2.381365559995174408e-02
2.358188852667808533e-02
2.574635110795497894e-02
2.057200483977794647e-02
2.777555026113986969e-02
3.221788257360458374e-02
2.523064613342285156e-02
2.721429616212844849e-02
1.924113556742668152e-02
2.679931558668613434e-02
2.070892043411731720e-02
2.340596914291381836e-02
2.528434619307518005e-02
2.213094942271709442e-02
2.428708039224147797e-02
2.017389424145221710e-02
2.473385259509086609e-02
2.379306405782699585e-02
2.796464413404464722e-02
2.110403403639793396e-02
2.963045984506607056e-02
2.303105406463146210e-02
2.164520509541034698e-02
2.262509800493717194e-02
2.458381280303001404e-02
2.410207316279411316e-02
2.470555715262889862e-02
2.839728072285652161e-02
2.082260511815547943e-02
2.220062352716922760e-02
2.383122965693473816e-02
2.346727252006530762e-02
2.568483166396617889e-02
2.411465719342231750e-02
2.047387324273586273e-02
2.559791691601276398e-02
2.278985828161239624e-02
2.550386264920234680e-02
2.297754958271980286e-02
2.108664438128471375e-02
2.106131985783576965e-02
2.213863842189311981e-02
3.499873727560043335e-02
2.553734183311462402e-02
2.137034945189952850e-02
2.624174393713474274e-02
2.173082344233989716e-02
2.586601115763187408e-02
2.369477972388267517e-02
1.923105493187904358e-02
2.804127335548400879e-02
2.326118759810924530e-02
2.388161607086658478e-02
2.733530290424823761e-02
2.674557454884052277e-02
2.135143801569938660e-02
2.228354848921298981e-02
2.244741097092628479e-02
2.204876393079757690e-02
2.298280224204063416e-02
2.354481257498264313e-02
2.923189662396907806e-02
2.168198488652706146e-02
2.655992843210697174e-02
2.104388363659381866e-02
2.178953215479850769e-02
2.592342160642147064e-02
2.435412630438804626e-02
2.209688723087310791e-02
2.137366682291030884e-02
2.445373497903347015e-02
1.910933293402194977e-02
2.150986716151237488e-02
2.368568442761898041e-02
2.570510096848011017e-02
2.298306114971637726e-02
2.630587294697761536e-02
2.038417384028434753e-02
2.185891754925251007e-02
2.460044063627719879e-02
1.952359825372695923e-02
2.287505939602851868e-02
2.216725423932075500e-02
1.970482617616653442e-02
2.493991702795028687e-02
2.172203175723552704e-02
2.007812075316905975e-02
2.079981938004493713e-02
2.626010030508041382e-02
2.038041874766349792e-02
2.156894095242023468e-02
2.481188066303730011e-02
2.161504141986370087e-02
2.033979259431362152e-02
2.211661636829376221e-02
2.075406163930892944e-02
2.533306553959846497e-02
2.030205354094505310e-02
1.901804842054843903e-02
1.863246038556098938e-02
2.586079761385917664e-02
2.513545751571655273e-02
2.311323955655097961e-02
2.128996700048446655e-02
2.282345853745937347e-02
2.403153851628303528e-02
2.134318090975284576e-02
2.636303380131721497e-02
2.836422808468341827e-02
2.035516314208507538e-02
2.336231805384159088e-02
2.091097086668014526e-02
2.773612737655639648e-02
2.928548119962215424e-02
2.617005072534084320e-02
2.598514407873153687e-02
2.549464069306850433e-02
3.073277696967124939e-02
2.326596900820732117e-02
2.809142880141735077e-02
3.278643637895584106e-02
2.269519492983818054e-02
2.356870286166667938e-02
1.739396713674068451e-02
2.218178845942020416e-02
2.485737949609756470e-02
2.158206887543201447e-02
1.955488882958889008e-02
2.408337034285068512e-02
2.735214680433273315e-02
2.046239748597145081e-02
2.121669799089431763e-02
2.226619049906730652e-02
2.206623926758766174e-02
2.305913716554641724e-02
2.369141392409801483e-02
2.334824949502944946e-02
4.442868754267692566e-02
2.280434407293796539e-02
1.952294073998928070e-02
2.031292393803596497e-02
2.515874244272708893e-02
2.304695360362529755e-02
2.242811396718025208e-02
2.155324257910251617e-02
2.177356928586959839e-02
2.251590415835380554e-02
1.965397968888282776e-02
2.053749375045299530e-02
2.227184548974037170e-02
2.039349079132080078e-02
2.230394259095191956e-02
2.135706879198551178e-02
2.791647240519523621e-02
2.054634876549243927e-02
2.190643362700939178e-02
1.953881047666072845e-02
2.041825838387012482e-02
2.113060094416141510e-02
2.011949010193347931e-02
3.079385310411453247e-02
2.085198462009429932e-02
2.386874519288539886e-02
2.175563760101795197e-02
2.065795846283435822e-02
2.393548563122749329e-02
2.068300731480121613e-02
2.339641191065311432e-02
2.364638261497020721e-02
3.296997398138046265e-02
2.525449171662330627e-02
2.138232812285423279e-02
2.006816305220127106e-02
2.910623513162136078e-02
2.045507915318012238e-02
3.224869444966316223e-02
1.987200416624546051e-02
2.345271594822406769e-02
2.092379145324230194e-02
1.943444646894931793e-02
2.383619919419288635e-02
2.517799288034439087e-02
2.093926444649696350e-02
2.116616256535053253e-02
2.022802643477916718e-02
2.461769431829452515e-02
2.427875809371471405e-02
1.920868642628192902e-02
2.229178324341773987e-02
2.412463352084159851e-02
2.694701589643955231e-02
2.809676155447959900e-02
2.806751802563667297e-02
2.390553615987300873e-02
2.078566513955593109e-02
2.274832129478454590e-02
2.168380469083786011e-02
2.547856606543064117e-02
2.101768739521503448e-02
2.217266522347927094e-02
2.130551636219024658e-02
2.174399979412555695e-02
2.414110675454139709e-02
2.251884527504444122e-02
2.152133733034133911e-02
2.272024564445018768e-02
2.180781960487365723e-02
2.952811121940612793e-02
1.915675587952136993e-02
2.367914654314517975e-02
2.150729857385158539e-02
1.967450790107250214e-02
2.335746400058269501e-02
2.176140807569026947e-02
2.115282602608203888e-02
1.913678646087646484e-02
1.996626891195774078e-02
2.439241111278533936e-02
2.484066039323806763e-02
2.225452661514282227e-02
2.815670147538185120e-02
2.382245659828186035e-02
2.065827138721942902e-02
2.104493975639343262e-02
2.247910015285015106e-02
2.169342339038848877e-02
1.986534707248210907e-02
2.741582132875919342e-02
1.925287954509258270e-02
2.245494350790977478e-02
2.384425513446331024e-02
2.469307370483875275e-02
2.476079203188419342e-02
2.275802381336688995e-02
2.166500128805637360e-02
2.271244488656520844e-02
2.190761081874370575e-02
2.271595969796180725e-02
2.629907242953777313e-02
2.008411474525928497e-02
2.277564443647861481e-02
2.054604329168796539e-02
2.242270484566688538e-02
1.906920596957206726e-02
1.984782144427299500e-02
2.092656306922435760e-02
2.277693152427673340e-02
1.957869902253150940e-02
2.434546314179897308e-02
2.184802480041980743e-02
1.831658929586410522e-02
2.621269971132278442e-02
1.871826499700546265e-02
2.458929456770420074e-02
2.057756297290325165e-02
2.297364175319671631e-02
2.101380005478858948e-02
1.964095979928970337e-02
2.066078595817089081e-02
2.331003546714782715e-02
1.726163551211357117e-02
2.205948904156684875e-02
2.075934037566184998e-02
1.926352456212043762e-02
2.382931113243103027e-02
1.859910227358341217e-02
2.077224850654602051e-02
2.253205329179763794e-02
2.139672264456748962e-02
2.259567566215991974e-02
2.616231702268123627e-02
2.418150380253791809e-02
3.102392703294754028e-02
2.210545539855957031e-02
2.736848592758178711e-02
2.053775079548358917e-02
2.068207412958145142e-02
2.022688835859298706e-02
1.988864690065383911e-02
2.143472433090209961e-02
2.056672424077987671e-02
2.230998314917087555e-02
2.405360527336597443e-02
1.976612955331802368e-02
2.553122304379940033e-02
2.058077044785022736e-02
1.970634423196315765e-02
2.122258022427558899e-02
2.011241391301155090e-02
2.579513750970363617e-02
2.115147002041339874e-02
2.371760457754135132e-02
1.878803595900535583e-02
2.360576204955577850e-02
2.109350450336933136e-02
2.520832233130931854e-02
2.016504295170307159e-02
2.431626617908477783e-02
2.267959713935852051e-02
2.207328192889690399e-02
2.620904520153999329e-02
2.169689536094665527e-02
2.081586420536041260e-02
1.897412724792957306e-02
1.866895146667957306e-02
1.892628520727157593e-02
2.179615572094917297e-02
2.185790613293647766e-02
1.994188502430915833e-02
1.870631426572799683e-02
2.146592363715171814e-02
2.090669795870780945e-02
2.047984674572944641e-02
1.920836418867111206e-02
2.132483012974262238e-02
2.178972028195858002e-02
2.276181615889072418e-02
2.332392893731594086e-02
1.955641247332096100e-02
1.960741914808750153e-02
2.038587816059589386e-02
2.444998733699321747e-02
1.831788942217826843e-02
2.038517035543918610e-02
3.545238822698593140e-02
2.152310125529766083e-02
2.183470875024795532e-02
2.013124898076057434e-02
2.172513306140899658e-02
2.100663818418979645e-02
2.287495695054531097e-02
2.485067583620548248e-02
2.356143295764923096e-02
2.723756432533264160e-02
2.651498839259147644e-02
2.766591310501098633e-02
2.265256643295288086e-02
2.529357001185417175e-02
1.987507566809654236e-02
2.315648272633552551e-02
2.251182869076728821e-02
1.985165663063526154e-02
2.747546695172786713e-02
2.107344940304756165e-02
2.164699882268905640e-02
1.970094442367553711e-02
2.389394864439964294e-02
2.417646162211894989e-02
2.071976847946643829e-02
2.307159081101417542e-02
2.375234104692935944e-02
2.210948243737220764e-02
2.686783485114574432e-02
2.035925351083278656e-02
2.774690836668014526e-02
2.175560221076011658e-02
2.044312469661235809e-02
2.270691469311714172e-02
2.347613498568534851e-02
2.400098741054534912e-02
2.131437510251998901e-02
1.911781914532184601e-02
1.851053535938262939e-02
2.050988189876079559e-02
1.901069469749927521e-02
2.228227443993091583e-02
2.300261706113815308e-02
2.474032156169414520e-02
2.091694809496402740e-02
1.882003061473369598e-02
2.039393037557601929e-02
2.192017994821071625e-02
1.889826171100139618e-02
2.257556468248367310e-02
2.210984379053115845e-02
1.841278187930583954e-02
2.321263030171394348e-02
2.235942333936691284e-02
2.515477128326892853e-02
2.187565155327320099e-02
2.444901876151561737e-02
2.535423822700977325e-02
2.199028804898262024e-02
2.929484657943248749e-02
2.162366919219493866e-02
2.204026468098163605e-02
1.925473101437091827e-02
2.519021369516849518e-02
2.368463762104511261e-02
2.359368279576301575e-02
2.357661165297031403e-02
2.023449912667274475e-02
1.781319640576839447e-02
1.848458498716354370e-02
2.342407591640949249e-02
2.134722471237182617e-02
2.034464851021766663e-02
2.252788841724395752e-02
2.118095941841602325e-02
2.108416147530078888e-02
2.186029590666294098e-02
2.329204976558685303e-02
2.055617235600948334e-02
2.378407679498195648e-02
2.104609459638595581e-02
2.050194889307022095e-02
2.255431935191154480e-02
2.204760164022445679e-02
2.095530554652214050e-02
1.754800789058208466e-02
2.140336669981479645e-02
2.356035448610782623e-02
2.076207473874092102e-02
2.668022923171520233e-02
2.119833603501319885e-02
2.037836797535419464e-02
2.332996018230915070e-02
2.013763971626758575e-02
2.180894091725349426e-02
2.282154560089111328e-02
1.918701641261577606e-02
1.878757029771804810e-02
2.046620100736618042e-02
2.192351408302783966e-02
2.168121002614498138e-02
1.999784819781780243e-02
2.106696553528308868e-02
1.921444199979305267e-02
2.035010978579521179e-02
2.251387014985084534e-02
2.016632258892059326e-02
2.352370508015155792e-02
2.198768965899944305e-02
1.978714764118194580e-02
2.047995664179325104e-02
2.536730654537677765e-02
2.196186594665050507e-02
1.994294673204421997e-02
1.976640336215496063e-02
2.297100611031055450e-02
2.459418401122093201e-02
2.242342010140419006e-02
2.051660604774951935e-02
2.442176267504692078e-02
2.000081166625022888e-02
2.017625048756599426e-02
1.983070746064186096e-02
2.297770790755748749e-02
2.327778190374374390e-02
2.196242846548557281e-02
1.916455850005149841e-02
2.059243805706501007e-02
2.198546566069126129e-02
2.173838578164577484e-02
2.083169482648372650e-02
2.118395268917083740e-02
1.931728608906269073e-02
1.857346110045909882e-02
1.923535577952861786e-02
2.226929925382137299e-02
2.283783257007598877e-02
1.989111490547657013e-02
2.075743675231933594e-02
2.058997005224227905e-02
2.060785144567489624e-02
2.209187857806682587e-02
1.921896263957023621e-02
1.998866721987724304e-02
2.674427255988121033e-02
2.115771546959877014e-02
1.957347430288791656e-02
1.969195157289505005e-02
1.801102608442306519e-02
2.089903503656387329e-02
1.916005276143550873e-02
2.023328468203544617e-02
1.974697783589363098e-02
2.007580921053886414e-02
2.083661593496799469e-02
1.938531547784805298e-02
2.204232290387153625e-02
2.032781206071376801e-02
2.062493376433849335e-02
2.108817920088768005e-02
1.696736924350261688e-02
1.896966248750686646e-02
2.086628228425979614e-02
1.975223794579505920e-02
2.050093002617359161e-02
2.181787416338920593e-02
1.946424134075641632e-02
2.073252201080322266e-02
2.048078738152980804e-02
2.308644913136959076e-02
1.897012069821357727e-02
2.180223912000656128e-02
2.517898194491863251e-02
1.830831915140151978e-02
2.135040611028671265e-02
2.380673214793205261e-02
2.001747116446495056e-02
2.309365943074226379e-02
1.952656731009483337e-02
1.989659853279590607e-02
2.222218737006187439e-02
2.118342556059360504e-02
1.853024587035179138e-02
2.215051092207431793e-02
2.405214123427867889e-02
2.173211053013801575e-02
2.155367471277713776e-02
3.088727407157421112e-02
2.433145046234130859e-02
1.980206742882728577e-02
2.082348801195621490e-02
2.054503373801708221e-02
1.967488415539264679e-02
2.529617026448249817e-02
1.978795044124126434e-02
1.954959705471992493e-02
2.435819245874881744e-02
2.114998549222946167e-02
2.062068320810794830e-02
2.282797917723655701e-02
1.781454123556613922e-02
2.277779206633567810e-02
2.375777997076511383e-02
2.030892297625541687e-02
2.246113866567611694e-02
1.987157203257083893e-02
2.153347618877887726e-02
2.011721394956111908e-02
2.209454029798507690e-02
2.315646596252918243e-02
1.970154605805873871e-02
1.680467464029788971e-02
2.015072852373123169e-02
1.916828751564025879e-02
2.398593351244926453e-02
2.108025550842285156e-02
1.922254636883735657e-02
1.766316406428813934e-02
2.195369265973567963e-02
1.967831328511238098e-02
2.464130520820617676e-02
1.945480518043041229e-02
1.760108396410942078e-02
2.275547012686729431e-02
1.950521767139434814e-02
2.533251978456974030e-02
2.117875218391418457e-02
2.534169703722000122e-02
2.249893359839916229e-02
2.303100004792213440e-02
2.020615525543689728e-02
2.283179946243762970e-02
2.332192845642566681e-02
1.844566315412521362e-02
2.099971659481525421e-02
1.853714697062969208e-02
2.142682671546936035e-02
2.025201357901096344e-02
2.386497147381305695e-02
2.035369351506233215e-02
2.406190708279609680e-02
2.131027355790138245e-02
1.870368793606758118e-02
1.745788007974624634e-02
1.810388639569282532e-02
1.910152100026607513e-02
2.141383104026317596e-02
2.033244073390960693e-02
2.974427118897438049e-02
2.210168540477752686e-02
2.101726830005645752e-02
2.054111100733280182e-02
2.318781428039073944e-02
2.257093042135238647e-02
2.367475442588329315e-02
1.812339574098587036e-02
1.788036152720451355e-02
1.935820281505584717e-02
1.958683133125305176e-02
1.820206269621849060e-02
2.198055200278759003e-02
1.969518139958381653e-02
1.925659924745559692e-02
2.259581349790096283e-02
2.091321162879467010e-02
2.201644703745841980e-02
2.000172622501850128e-02
2.032660320401191711e-02
1.889260485768318176e-02
1.890958845615386963e-02
2.384115383028984070e-02
2.196038141846656799e-02
1.992533728480339050e-02
2.457409910857677460e-02
1.812577433884143829e-02
2.114186622202396393e-02
2.105240337550640106e-02
2.061129175126552582e-02
2.286261320114135742e-02
2.027685195207595825e-02
2.414138428866863251e-02
2.381470613181591034e-02
1.901766471564769745e-02
1.951773464679718018e-02
2.174365893006324768e-02
2.032537199556827545e-02
1.965097710490226746e-02
2.243464626371860504e-02
1.817286759614944458e-02
2.022184059023857117e-02
2.012259699404239655e-02
2.116028964519500732e-02
1.898241229355335236e-02
2.196056209504604340e-02
1.978581212460994720e-02
1.920441351830959320e-02
2.279342152178287506e-02
1.722813397645950317e-02
1.942769065499305725e-02
1.979051716625690460e-02
1.932587102055549622e-02
2.440225891768932343e-02
2.375221811234951019e-02
2.339708805084228516e-02
2.150040119886398315e-02
2.490250580012798309e-02
2.304616011679172516e-02
1.974808052182197571e-02
1.820197142660617828e-02
1.805643737316131592e-02
2.228795737028121948e-02
2.026916854083538055e-02
2.265058830380439758e-02
1.819143630564212799e-02
2.183283865451812744e-02
2.250988408923149109e-02
2.200755476951599121e-02
1.681734621524810791e-02
1.869484968483448029e-02
2.295424230396747589e-02
2.212055027484893799e-02
2.699699066579341888e-02
2.731450274586677551e-02
2.252280712127685547e-02
2.121662348508834839e-02
2.342395856976509094e-02
2.249327115714550018e-02
2.066146023571491241e-02
2.273246645927429199e-02
2.193315699696540833e-02
1.698020845651626587e-02
2.166749536991119385e-02
2.108512818813323975e-02
2.088657394051551819e-02
1.932336762547492981e-02
1.702190004289150238e-02
2.046437747776508331e-02
1.887838728725910187e-02
1.934110745787620544e-02
2.076282352209091187e-02
3.232216089963912964e-02
2.392087876796722412e-02
2.298620529472827911e-02
1.964631676673889160e-02
2.053516358137130737e-02
2.096534147858619690e-02
1.776758581399917603e-02
1.874503865838050842e-02
1.782239601016044617e-02
2.611600421369075775e-02
2.036118693649768829e-02
2.030762284994125366e-02
2.091385610401630402e-02
1.647147163748741150e-02
1.864420995116233826e-02
1.994024589657783508e-02
1.899356395006179810e-02
2.334870025515556335e-02
1.986160315573215485e-02
2.009439654648303986e-02
2.086250483989715576e-02
2.557501196861267090e-02
2.182593010365962982e-02
2.088403329253196716e-02
1.841667294502258301e-02
1.962786354124546051e-02
1.978444308042526245e-02
2.175995521247386932e-02
2.149227634072303772e-02
2.484066039323806763e-02
2.086682803928852081e-02
1.976717635989189148e-02
1.978273876011371613e-02
2.065504528582096100e-02
2.241996861994266510e-02
1.812618412077426910e-02
2.208824083209037781e-02
1.989861577749252319e-02
2.062110602855682373e-02
1.998972520232200623e-02
2.313415333628654480e-02
1.600303500890731812e-02
1.818417385220527649e-02
2.153119817376136780e-02
2.054835483431816101e-02
1.983074657618999481e-02
1.955661363899707794e-02
2.425010502338409424e-02
1.806794293224811554e-02
2.785604260861873627e-02
1.913853548467159271e-02
2.019730769097805023e-02
1.926583237946033478e-02
1.836264319717884064e-02
2.435024268925189972e-02
2.233595959842205048e-02
1.991540193557739258e-02
2.376159839332103729e-02
2.072587981820106506e-02
2.246100455522537231e-02
2.151028066873550415e-02
2.099029906094074249e-02
2.115186490118503571e-02
2.096938714385032654e-02
2.047224901616573334e-02
2.359242551028728485e-02
1.959902979433536530e-02
1.895537227392196655e-02
2.161627821624279022e-02
1.919363439083099365e-02
2.025942504405975342e-02
2.534154802560806274e-02
2.152088470757007599e-02
2.080675214529037476e-02
1.944113522768020630e-02
2.138457633554935455e-02
1.861899159848690033e-02
2.209163457155227661e-02
2.099484577775001526e-02
2.354899235069751740e-02
2.057289890944957733e-02
2.260191738605499268e-02
2.000922337174415588e-02
1.947398111224174500e-02
2.693191729485988617e-02
1.956052519381046295e-02
2.572999708354473114e-02
2.255349978804588318e-02
2.407471090555191040e-02
2.027879469096660614e-02
2.053891122341156006e-02
2.176728658378124237e-02
2.264338731765747070e-02
2.291603013873100281e-02
2.078048698604106903e-02
2.050236053764820099e-02
1.947548612952232361e-02
2.041198872029781342e-02
1.909371651709079742e-02
2.034736052155494690e-02
2.018561400473117828e-02
1.658904179930686951e-02
2.378932945430278778e-02
2.284126169979572296e-02
2.150884643197059631e-02
1.912211626768112183e-02
2.021051570773124695e-02
1.920759677886962891e-02
2.102588675916194916e-02
2.208223938941955566e-02
2.059938944876194000e-02
1.956304721534252167e-02
1.957919634878635406e-02
2.228679694235324860e-02
2.052029967308044434e-02
2.436924912035465240e-02
1.861356757581233978e-02
2.354204095900058746e-02
1.657166518270969391e-02
1.867055334150791168e-02
1.995088532567024231e-02
1.942743360996246338e-02
2.215322665870189667e-02
2.212576195597648621e-02
2.060469053685665131e-02
2.054033055901527405e-02
2.838652022182941437e-02
2.072704397141933441e-02
2.050239033997058868e-02
1.843044348061084747e-02
2.083242498338222504e-02
2.222999185323715210e-02
2.564540505409240723e-02
2.134917862713336945e-02
1.970959827303886414e-02
1.870148070156574249e-02
2.131037786602973938e-02
1.911872811615467072e-02
2.312926203012466431e-02
2.085589617490768433e-02
1.931257173418998718e-02
1.710679195821285248e-02
2.128917910158634186e-02
2.397168241441249847e-02
2.036776766180992126e-02
2.162265963852405548e-02
3.534909710288047791e-02
2.093697525560855865e-02
2.139303088188171387e-02
2.526549436151981354e-02
2.199233509600162506e-02
2.032022364437580109e-02
1.913547329604625702e-02
1.895349100232124329e-02
2.659837715327739716e-02
1.860330440104007721e-02
2.020478434860706329e-02
2.152919024229049683e-02
2.046772651374340057e-02
1.881970651447772980e-02
2.052842266857624054e-02
2.420637570321559906e-02
2.150207944214344025e-02
2.222799696028232574e-02
2.004678547382354736e-02
2.035084925591945648e-02
2.182205952703952789e-02
2.051876671612262726e-02
1.721196621656417847e-02
2.387396804988384247e-02
2.054109238088130951e-02
