2.802919447422027588e-01
3.310503065586090088e-01
3.009422719478607178e-01
3.773793280124664307e-01
3.096492290496826172e-01
3.773661553859710693e-01
4.213496446609497070e-01
3.375329077243804932e-01
4.147729575634002686e-01
3.033416867256164551e-01
3.279062807559967041e-01
4.111562073230743408e-01
4.764295220375061035e-01
2.434340268373489380e-01
3.102286756038665771e-01
2.492096573114395142e-01
2.942278385162353516e-01
2.469594925642013550e-01
2.439521253108978271e-01
2.897555828094482422e-01
3.183464705944061279e-01
3.036659061908721924e-01
2.596204876899719238e-01
4.442014694213867188e-01
2.579754292964935303e-01
2.703182101249694824e-01
2.285656481981277466e-01
2.215373367071151733e-01
1.931731551885604858e-01
2.240737974643707275e-01
2.139305472373962402e-01
2.645496726036071777e-01
1.947904080152511597e-01
1.704185903072357178e-01
2.128188461065292358e-01
2.198986262083053589e-01
2.611293196678161621e-01
1.814234554767608643e-01
2.616545855998992920e-01
1.926733851432800293e-01
2.982387244701385498e-01
2.271193712949752808e-01
1.831150949001312256e-01
1.761572659015655518e-01
2.578206062316894531e-01
1.516257226467132568e-01
2.097560167312622070e-01
1.720221340656280518e-01
2.020796984434127808e-01
2.146233320236206055e-01
2.378585040569305420e-01
2.680434584617614746e-01
1.782418787479400635e-01
2.080746591091156006e-01
2.753850817680358887e-01
1.485232412815093994e-01
2.063486576080322266e-01
2.101273983716964722e-01
1.372403204441070557e-01
1.881133168935775757e-01
1.914517581462860107e-01
1.999099999666213989e-01
1.886713057756423950e-01
1.586142033338546753e-01
1.851297467947006226e-01
2.028087973594665527e-01
1.520352363586425781e-01
2.887723743915557861e-01
2.186063230037689209e-01
2.518338263034820557e-01
2.051234692335128784e-01
1.655597537755966187e-01
2.334016561508178711e-01
2.544238567352294922e-01
1.875353604555130005e-01
1.724774539470672607e-01
1.799402087926864624e-01
2.287805378437042236e-01
2.807356417179107666e-01
2.723144292831420898e-01
2.126771658658981323e-01
1.652592718601226807e-01
2.536877393722534180e-01
2.774352729320526123e-01
2.228004485368728638e-01
3.330056667327880859e-01
2.717688381671905518e-01
1.783217340707778931e-01
2.643297314643859863e-01
1.748681217432022095e-01
2.378371804952621460e-01
1.461759656667709351e-01
1.477138400077819824e-01
1.957512199878692627e-01
2.645981311798095703e-01
1.682675331830978394e-01
2.378458678722381592e-01
1.304148137569427490e-01
1.970224231481552124e-01
2.223355472087860107e-01
2.476592212915420532e-01
2.400668561458587646e-01
2.445875406265258789e-01
2.320120632648468018e-01
2.360307276248931885e-01
3.091147541999816895e-01
2.200272679328918457e-01
1.609415560960769653e-01
2.151977568864822388e-01
2.144923061132431030e-01
2.236559838056564331e-01
2.352388948202133179e-01
1.492856442928314209e-01
1.884334087371826172e-01
1.863631755113601685e-01
2.255707830190658569e-01
1.983335316181182861e-01
2.241484373807907104e-01
2.173861116170883179e-01
2.195512503385543823e-01
1.661763936281204224e-01
1.800554245710372925e-01
1.854209005832672119e-01
1.996062397956848145e-01
1.836358606815338135e-01
2.543163597583770752e-01
2.505919337272644043e-01
2.017400860786437988e-01
2.393661290407180786e-01
2.858913540840148926e-01
2.101433128118515015e-01
1.434104293584823608e-01
1.909858137369155884e-01
1.573855429887771606e-01
1.928314268589019775e-01
2.851340472698211670e-01
1.447135955095291138e-01
2.800647914409637451e-01
2.033114880323410034e-01
2.323756963014602661e-01
1.736956983804702759e-01
2.556906342506408691e-01
1.566830426454544067e-01
2.491088062524795532e-01
1.785835772752761841e-01
1.895100921392440796e-01
2.098987996578216553e-01
1.982870846986770630e-01
1.633961796760559082e-01
1.794785559177398682e-01
2.595933973789215088e-01
1.399536132812500000e-01
1.746544837951660156e-01
3.203945457935333252e-01
1.869339048862457275e-01
2.453970611095428467e-01
1.901950538158416748e-01
1.978503167629241943e-01
1.715747117996215820e-01
2.149672508239746094e-01
1.594395339488983154e-01
1.912654191255569458e-01
2.820143103599548340e-01
1.821559220552444458e-01
1.770505756139755249e-01
1.902377158403396606e-01
1.436940878629684448e-01
2.272361665964126587e-01
1.735224425792694092e-01
1.866211295127868652e-01
1.859871894121170044e-01
1.821048557758331299e-01
2.605375647544860840e-01
1.670447140932083130e-01
1.514457762241363525e-01
1.791606396436691284e-01
1.771862804889678955e-01
2.876614928245544434e-01
1.911804974079132080e-01
1.488721370697021484e-01
1.336942911148071289e-01
2.068292796611785889e-01
1.359554678201675415e-01
2.667003273963928223e-01
2.388566136360168457e-01
1.585950106382369995e-01
2.370889931917190552e-01
2.438744306564331055e-01
2.368636876344680786e-01
2.416199147701263428e-01
1.990763396024703979e-01
2.410865128040313721e-01
2.645862996578216553e-01
1.531458050012588501e-01
2.042154073715209961e-01
1.657314151525497437e-01
2.124523967504501343e-01
1.537907868623733521e-01
1.747155189514160156e-01
1.639703214168548584e-01
1.602886319160461426e-01
1.861588060855865479e-01
1.518815159797668457e-01
1.557768434286117554e-01
1.700802892446517944e-01
2.035019993782043457e-01
2.138594388961791992e-01
1.810857355594635010e-01
3.085697591304779053e-01
2.125148773193359375e-01
1.764871180057525635e-01
1.719962209463119507e-01
2.063500434160232544e-01
2.068719863891601562e-01
1.791599392890930176e-01
1.849606186151504517e-01
2.077680826187133789e-01
1.536068171262741089e-01
1.793338805437088013e-01
2.315316349267959595e-01
1.546764373779296875e-01
2.580342292785644531e-01
1.574280858039855957e-01
1.849505454301834106e-01
1.483615785837173462e-01
1.833538562059402466e-01
2.545029819011688232e-01
2.309396564960479736e-01
2.447799444198608398e-01
1.682096719741821289e-01
1.992495507001876831e-01
2.607150077819824219e-01
1.799787431955337524e-01
1.620263457298278809e-01
1.552039682865142822e-01
2.093111127614974976e-01
1.438487023115158081e-01
1.771963685750961304e-01
2.025360316038131714e-01
1.417093276977539062e-01
1.730805188417434692e-01
2.019861042499542236e-01
2.100586295127868652e-01
1.950990408658981323e-01
1.579021364450454712e-01
1.746743321418762207e-01
2.537198960781097412e-01
1.982892602682113647e-01
1.978590488433837891e-01
1.671690940856933594e-01
1.934691965579986572e-01
1.300946623086929321e-01
1.949101537466049194e-01
1.705640107393264771e-01
1.771316975355148315e-01
1.460068970918655396e-01
3.029592335224151611e-01
1.672816574573516846e-01
2.256742119789123535e-01
1.632528305053710938e-01
1.729654967784881592e-01
1.988081485033035278e-01
1.442490816116333008e-01
2.073937803506851196e-01
1.635413318872451782e-01
1.494501680135726929e-01
2.245979160070419312e-01
1.802248805761337280e-01
2.024584561586380005e-01
2.290069162845611572e-01
2.038415670394897461e-01
4.047274589538574219e-01
2.069047242403030396e-01
1.789105087518692017e-01
2.322011739015579224e-01
1.415158063173294067e-01
1.778561472892761230e-01
1.613536924123764038e-01
1.678440719842910767e-01
2.199981659650802612e-01
2.753353714942932129e-01
1.872373819351196289e-01
2.104727774858474731e-01
1.829044967889785767e-01
1.749992817640304565e-01
2.606569826602935791e-01
1.957677453756332397e-01
1.424588412046432495e-01
1.673538088798522949e-01
1.737880706787109375e-01
1.912901252508163452e-01
1.360577940940856934e-01
1.824965476989746094e-01
2.452917844057083130e-01
2.192036956548690796e-01
1.826579719781875610e-01
4.749993979930877686e-01
1.802292019128799438e-01
1.897518336772918701e-01
1.923157125711441040e-01
2.585609257221221924e-01
1.796343624591827393e-01
1.815186291933059692e-01
2.275624722242355347e-01
2.120445221662521362e-01
1.620316058397293091e-01
1.724650263786315918e-01
1.604796648025512695e-01
1.914089769124984741e-01
2.024992704391479492e-01
1.656697541475296021e-01
1.777821630239486694e-01
1.481034755706787109e-01
1.675532162189483643e-01
1.525581330060958862e-01
2.519048154354095459e-01
1.863349676132202148e-01
1.716276705265045166e-01
1.662730276584625244e-01
1.627118140459060669e-01
2.291254699230194092e-01
2.720125913619995117e-01
1.818317621946334839e-01
3.304523825645446777e-01
2.237467616796493530e-01
1.794875711202621460e-01
1.963046491146087646e-01
1.761120259761810303e-01
2.230203449726104736e-01
1.886258274316787720e-01
2.668462395668029785e-01
1.611260622739791870e-01
1.834731698036193848e-01
2.370647042989730835e-01
2.063535004854202271e-01
2.199854552745819092e-01
2.033860832452774048e-01
1.665619462728500366e-01
1.817787736654281616e-01
2.370039075613021851e-01
2.306228429079055786e-01
1.860738247632980347e-01
2.451327294111251831e-01
1.587248593568801880e-01
1.768589466810226440e-01
2.272401899099349976e-01
1.949002444744110107e-01
1.747370362281799316e-01
1.720505803823471069e-01
1.867907494306564331e-01
1.718218326568603516e-01
2.017454802989959717e-01
2.076082378625869751e-01
2.478025257587432861e-01
2.780877053737640381e-01
1.955090761184692383e-01
1.763854175806045532e-01
2.223708033561706543e-01
1.546393781900405884e-01
2.396469265222549438e-01
1.783588528633117676e-01
1.884374618530273438e-01
1.829851865768432617e-01
2.103046029806137085e-01
1.564379930496215820e-01
2.185540348291397095e-01
1.500821709632873535e-01
1.989337801933288574e-01
2.040431350469589233e-01
2.028938829898834229e-01
2.598018646240234375e-01
2.385969609022140503e-01
2.202240526676177979e-01
4.058533012866973877e-01
1.932238936424255371e-01
1.899910271167755127e-01
2.508753240108489990e-01
1.987613141536712646e-01
2.004200220108032227e-01
2.325278669595718384e-01
1.609930396080017090e-01
2.061263471841812134e-01
2.178671509027481079e-01
4.780710935592651367e-01
3.001352250576019287e-01
2.404127866029739380e-01
2.101074755191802979e-01
1.834423393011093140e-01
1.592603176832199097e-01
1.807905733585357666e-01
1.727776229381561279e-01
1.610072255134582520e-01
2.102900594472885132e-01
1.670063138008117676e-01
1.877846866846084595e-01
1.980675011873245239e-01
1.442848443984985352e-01
2.770711183547973633e-01
1.914697736501693726e-01
2.094226628541946411e-01
2.239698022603988647e-01
1.595416069030761719e-01
2.109254896640777588e-01
1.571551263332366943e-01
1.821078956127166748e-01
1.745917350053787231e-01
2.233113646507263184e-01
1.975061446428298950e-01
1.771077811717987061e-01
2.554707527160644531e-01
2.862789630889892578e-01
1.451582312583923340e-01
1.282863765954971313e-01
1.386598795652389526e-01
1.975094676017761230e-01
2.067616581916809082e-01
1.633030772209167480e-01
1.733542829751968384e-01
3.021062910556793213e-01
2.060726284980773926e-01
1.909570544958114624e-01
2.060565948486328125e-01
2.499303221702575684e-01
1.721209287643432617e-01
2.107367813587188721e-01
1.669374406337738037e-01
2.225892692804336548e-01
1.836103945970535278e-01
2.338803559541702271e-01
1.670702248811721802e-01
1.392551213502883911e-01
1.954891532659530640e-01
1.705377995967864990e-01
2.291103154420852661e-01
3.578913509845733643e-01
1.901610940694808960e-01
2.509755194187164307e-01
2.250663191080093384e-01
2.666734457015991211e-01
2.211844921112060547e-01
2.241093367338180542e-01
1.836612522602081299e-01
1.376713663339614868e-01
1.695132851600646973e-01
1.931233555078506470e-01
1.786152273416519165e-01
1.448281556367874146e-01
2.203311026096343994e-01
2.053344696760177612e-01
2.243375927209854126e-01
2.517159581184387207e-01
2.272431850433349609e-01
1.552749872207641602e-01
1.494341790676116943e-01
2.516673505306243896e-01
1.643741875886917114e-01
1.730984300374984741e-01
1.670954823493957520e-01
1.606814563274383545e-01
1.797879636287689209e-01
1.763932257890701294e-01
1.854820698499679565e-01
2.097781151533126831e-01
1.741353720426559448e-01
2.424612641334533691e-01
2.798238396644592285e-01
1.570597141981124878e-01
3.895309269428253174e-01
2.276848107576370239e-01
1.898882985115051270e-01
2.186031043529510498e-01
1.745031476020812988e-01
1.402507573366165161e-01
1.816068589687347412e-01
1.786654889583587646e-01
1.880424171686172485e-01
2.073161751031875610e-01
2.584757804870605469e-01
2.014298141002655029e-01
1.809415221214294434e-01
2.083242386579513550e-01
1.467263400554656982e-01
1.720585078001022339e-01
1.362738013267517090e-01
2.216910123825073242e-01
5.201424360275268555e-01
1.892941743135452271e-01
2.216323018074035645e-01
1.840424239635467529e-01
2.137468457221984863e-01
2.070869803428649902e-01
1.646646708250045776e-01
1.584942787885665894e-01
1.884582340717315674e-01
1.415727585554122925e-01
2.003168910741806030e-01
2.286423295736312866e-01
2.346169650554656982e-01
1.699818819761276245e-01
1.662935614585876465e-01
2.022885382175445557e-01
1.629120707511901855e-01
1.549344658851623535e-01
1.259719580411911011e-01
1.944159269332885742e-01
2.697825431823730469e-01
1.368497759103775024e-01
2.310217320919036865e-01
2.294930964708328247e-01
2.019652873277664185e-01
2.621409595012664795e-01
2.364068329334259033e-01
1.878178119659423828e-01
1.621373891830444336e-01
1.773768514394760132e-01
1.958249360322952271e-01
1.535550057888031006e-01
1.350848525762557983e-01
1.724373102188110352e-01
1.346751749515533447e-01
1.566779613494873047e-01
1.568827927112579346e-01
2.363207340240478516e-01
2.075115740299224854e-01
2.137783020734786987e-01
1.744975596666336060e-01
1.848229020833969116e-01
1.901652961969375610e-01
1.739037036895751953e-01
1.926646381616592407e-01
1.870885193347930908e-01
1.843361854553222656e-01
2.352467924356460571e-01
2.690027356147766113e-01
1.498566716909408569e-01
1.590089648962020874e-01
1.880125701427459717e-01
2.071275264024734497e-01
2.198082655668258667e-01
1.837063729763031006e-01
1.776569783687591553e-01
2.058227509260177612e-01
2.565588653087615967e-01
2.085626423358917236e-01
2.078235000371932983e-01
1.539472490549087524e-01
2.494714111089706421e-01
2.097656875848770142e-01
2.045188248157501221e-01
2.077399939298629761e-01
1.772568970918655396e-01
1.457366496324539185e-01
1.764262020587921143e-01
1.828578561544418335e-01
1.623267531394958496e-01
2.014084905385971069e-01
4.892691373825073242e-01
2.368386834859848022e-01
1.949206143617630005e-01
1.940726786851882935e-01
2.812784910202026367e-01
1.900759488344192505e-01
2.191934138536453247e-01
1.985793709754943848e-01
1.791767776012420654e-01
2.199901789426803589e-01
1.869322508573532104e-01
1.563083976507186890e-01
1.572711616754531860e-01
1.759081184864044189e-01
2.793735265731811523e-01
2.139469385147094727e-01
2.053389698266983032e-01
1.676060408353805542e-01
1.978890746831893921e-01
2.091503739356994629e-01
1.907878071069717407e-01
1.459119617938995361e-01
2.075887024402618408e-01
2.701420187950134277e-01
2.130154818296432495e-01
1.553234308958053589e-01
2.014976441860198975e-01
1.825504601001739502e-01
1.826307326555252075e-01
1.644831597805023193e-01
2.253992259502410889e-01
1.919165998697280884e-01
2.466506212949752808e-01
1.699943393468856812e-01
1.799285411834716797e-01
1.901956200599670410e-01
2.211403399705886841e-01
2.830161452293395996e-01
2.449260503053665161e-01
2.151062488555908203e-01
2.059911042451858521e-01
1.447412371635437012e-01
1.827319115400314331e-01
1.933910697698593140e-01
2.105312496423721313e-01
1.883415579795837402e-01
1.943776309490203857e-01
1.970732659101486206e-01
1.754594892263412476e-01
2.346998751163482666e-01
1.466785818338394165e-01
1.516460031270980835e-01
1.873903125524520874e-01
1.606426239013671875e-01
2.001127898693084717e-01
2.264880388975143433e-01
1.910852044820785522e-01
1.492606848478317261e-01
2.593180835247039795e-01
1.690524518489837646e-01
2.979835271835327148e-01
2.268657088279724121e-01
1.778988093137741089e-01
1.436667293310165405e-01
1.972236484289169312e-01
2.721031010150909424e-01
1.669513434171676636e-01
1.852156966924667358e-01
2.253937572240829468e-01
1.730206161737442017e-01
2.532797753810882568e-01
2.011214196681976318e-01
1.998788714408874512e-01
2.033424675464630127e-01
2.292114049196243286e-01
2.011865228414535522e-01
1.340681612491607666e-01
1.332852542400360107e-01
1.752967983484268188e-01
1.727965027093887329e-01
1.876493543386459351e-01
2.298467010259628296e-01
2.330491095781326294e-01
2.207224518060684204e-01
1.870730817317962646e-01
1.587882488965988159e-01
1.711425334215164185e-01
1.998373866081237793e-01
1.956380754709243774e-01
1.540354937314987183e-01
1.695296466350555420e-01
2.144530415534973145e-01
2.176744341850280762e-01
1.889795958995819092e-01
1.955208331346511841e-01
2.825800180435180664e-01
2.370774298906326294e-01
1.570390462875366211e-01
1.747722029685974121e-01
2.078757733106613159e-01
1.781913638114929199e-01
1.801145076751708984e-01
1.837275028228759766e-01
1.653995811939239502e-01
2.388641983270645142e-01
1.701688170433044434e-01
1.327866762876510620e-01
1.793908476829528809e-01
1.894091367721557617e-01
1.383683085441589355e-01
2.041883319616317749e-01
2.205511480569839478e-01
1.631230115890502930e-01
1.843268573284149170e-01
1.693089455366134644e-01
1.822485625743865967e-01
1.580092310905456543e-01
2.427713274955749512e-01
1.876937597990036011e-01
1.980864107608795166e-01
2.520745396614074707e-01
2.328179925680160522e-01
2.248814254999160767e-01
1.816789805889129639e-01
1.608540713787078857e-01
1.814350783824920654e-01
2.442752867937088013e-01
2.130388319492340088e-01
2.520782649517059326e-01
1.249342635273933411e-01
1.738935410976409912e-01
1.938843578100204468e-01
2.439682632684707642e-01
1.591675430536270142e-01
2.102275043725967407e-01
1.718762218952178955e-01
2.027484923601150513e-01
3.157095909118652344e-01
1.947826147079467773e-01
2.090528905391693115e-01
1.681287288665771484e-01
2.143268436193466187e-01
1.944329291582107544e-01
1.968101263046264648e-01
1.826002001762390137e-01
1.883101016283035278e-01
2.659767866134643555e-01
1.976703703403472900e-01
2.904910445213317871e-01
1.637474894523620605e-01
1.999971866607666016e-01
2.547250092029571533e-01
2.255237400531768799e-01
2.115046828985214233e-01
1.675697863101959229e-01
1.818671673536300659e-01
1.720803678035736084e-01
2.098950147628784180e-01
2.193641364574432373e-01
1.866897642612457275e-01
1.677409708499908447e-01
1.777766346931457520e-01
3.060561418533325195e-01
2.110098302364349365e-01
1.234896257519721985e-01
1.746766418218612671e-01
1.435589343309402466e-01
1.588820219039916992e-01
2.098347097635269165e-01
1.828587055206298828e-01
1.932394206523895264e-01
1.692439019680023193e-01
1.697472482919692993e-01
1.760478913784027100e-01
1.636164188385009766e-01
1.941860765218734741e-01
2.184130102396011353e-01
1.262321621179580688e-01
1.940551102161407471e-01
2.345080226659774780e-01
1.784282028675079346e-01
2.792358398437500000e-01
1.801224946975708008e-01
2.081386744976043701e-01
2.296678423881530762e-01
1.889471262693405151e-01
2.093207538127899170e-01
1.975925713777542114e-01
1.980994641780853271e-01
1.468307375907897949e-01
2.206461131572723389e-01
1.374239772558212280e-01
2.146539688110351562e-01
2.361104786396026611e-01
2.404434829950332642e-01
2.075575292110443115e-01
1.696326136589050293e-01
1.837370246648788452e-01
1.880836635828018188e-01
1.470477581024169922e-01
1.797162741422653198e-01
1.927648931741714478e-01
1.589495092630386353e-01
1.585792303085327148e-01
2.422360181808471680e-01
1.925140619277954102e-01
1.478537470102310181e-01
1.644717901945114136e-01
2.009046673774719238e-01
2.211261987686157227e-01
1.356841474771499634e-01
1.932571828365325928e-01
1.915755271911621094e-01
1.882493495941162109e-01
1.725583076477050781e-01
1.555816680192947388e-01
2.683316469192504883e-01
1.618073731660842896e-01
2.024167925119400024e-01
1.823236346244812012e-01
1.598262935876846313e-01
2.672385275363922119e-01
1.674312502145767212e-01
1.474976092576980591e-01
1.733042448759078979e-01
1.759861409664154053e-01
2.176827341318130493e-01
1.949992328882217407e-01
1.813998073339462280e-01
1.688217371702194214e-01
2.095706760883331299e-01
3.055809140205383301e-01
1.938139647245407104e-01
1.795775890350341797e-01
1.477941721677780151e-01
1.829575449228286743e-01
1.711616665124893188e-01
2.770139276981353760e-01
1.974301338195800781e-01
1.555832922458648682e-01
1.834207326173782349e-01
2.153218388557434082e-01
2.334487885236740112e-01
1.474090665578842163e-01
1.839289814233779907e-01
2.257785052061080933e-01
2.230913490056991577e-01
2.079670280218124390e-01
2.629502713680267334e-01
1.983827054500579834e-01
1.940458565950393677e-01
1.921350508928298950e-01
2.736781537532806396e-01
1.684688478708267212e-01
2.054214924573898315e-01
1.716579347848892212e-01
2.044685930013656616e-01
2.162810117006301880e-01
1.895112842321395874e-01
1.698996722698211670e-01
1.520474702119827271e-01
1.889890134334564209e-01
1.571755707263946533e-01
2.102495133876800537e-01
1.516607701778411865e-01
1.632938385009765625e-01
2.261544018983840942e-01
1.816492676734924316e-01
1.595631986856460571e-01
2.504318356513977051e-01
1.919575184583663940e-01
1.791154593229293823e-01
1.869570314884185791e-01
1.615936905145645142e-01
1.700101792812347412e-01
1.900307983160018921e-01
1.763639748096466064e-01
1.605342179536819458e-01
1.812335550785064697e-01
2.185697853565216064e-01
1.916812360286712646e-01
2.598943412303924561e-01
2.307858318090438843e-01
1.816538125276565552e-01
2.862392663955688477e-01
1.803691983222961426e-01
1.774592101573944092e-01
2.794173359870910645e-01
1.639452129602432251e-01
1.778171211481094360e-01
1.761907786130905151e-01
1.799637228250503540e-01
1.750325113534927368e-01
2.219636887311935425e-01
1.733476370573043823e-01
1.867604106664657593e-01
2.058809995651245117e-01
2.153552174568176270e-01
2.672819495201110840e-01
1.731832623481750488e-01
2.063574194908142090e-01
1.439304947853088379e-01
1.439897567033767700e-01
1.681250482797622681e-01
1.531214565038681030e-01
1.822435259819030762e-01
2.006475478410720825e-01
1.781751960515975952e-01
3.370886743068695068e-01
1.786537617444992065e-01
2.355337291955947876e-01
2.044208198785781860e-01
2.139760702848434448e-01
1.963928043842315674e-01
1.865116953849792480e-01
1.513673663139343262e-01
1.946343183517456055e-01
1.727651208639144897e-01
1.296132057905197144e-01
3.838804960250854492e-01
1.836250573396682739e-01
2.080670148134231567e-01
2.058866918087005615e-01
1.733173578977584839e-01
1.960311233997344971e-01
2.787809967994689941e-01
1.668777316808700562e-01
1.617803424596786499e-01
2.293781489133834839e-01
1.960501074790954590e-01
1.496977359056472778e-01
2.565341889858245850e-01
2.371402233839035034e-01
2.077969163656234741e-01
2.234431505203247070e-01
1.870610415935516357e-01
1.682218760251998901e-01
1.418815851211547852e-01
1.472517549991607666e-01
1.358573138713836670e-01
1.367422342300415039e-01
2.784107327461242676e-01
2.087318897247314453e-01
2.727077603340148926e-01
1.687904745340347290e-01
2.158915847539901733e-01
2.059719860553741455e-01
1.677079200744628906e-01
1.912815421819686890e-01
2.313665598630905151e-01
1.642588675022125244e-01
1.415070444345474243e-01
1.635062396526336670e-01
2.006142437458038330e-01
1.384597569704055786e-01
2.004166692495346069e-01
1.931755393743515015e-01
2.430149763822555542e-01
1.535428017377853394e-01
1.456020772457122803e-01
1.407586038112640381e-01
1.680686920881271362e-01
1.780455261468887329e-01
2.297001183032989502e-01
1.632792353630065918e-01
1.504386514425277710e-01
1.685286015272140503e-01
1.747461557388305664e-01
2.389110475778579712e-01
1.553529202938079834e-01
2.476593852043151855e-01
2.381483614444732666e-01
2.743024230003356934e-01
2.111635953187942505e-01
2.576097846031188965e-01
2.715452611446380615e-01
1.895004063844680786e-01
2.708251178264617920e-01
2.698121964931488037e-01
1.845052838325500488e-01
2.199126780033111572e-01
1.731892079114913940e-01
2.022486627101898193e-01
1.532217860221862793e-01
1.993393898010253906e-01
2.064005881547927856e-01
1.868319511413574219e-01
2.468773573637008667e-01
1.730546057224273682e-01
1.982115656137466431e-01
1.886705756187438965e-01
1.930968612432479858e-01
1.669965684413909912e-01
1.485631316900253296e-01
1.828674077987670898e-01
1.810446828603744507e-01
1.912170350551605225e-01
1.342728734016418457e-01
2.776852548122406006e-01
1.879260689020156860e-01
2.236442267894744873e-01
2.172741293907165527e-01
1.734497547149658203e-01
2.250777781009674072e-01
2.655958533287048340e-01
2.026241719722747803e-01
1.574418991804122925e-01
2.458933144807815552e-01
1.733792573213577271e-01
1.533939689397811890e-01
2.035128325223922729e-01
1.960836946964263916e-01
2.180242538452148438e-01
2.090996503829956055e-01
1.775578856468200684e-01
1.852297782897949219e-01
1.686204671859741211e-01
1.901774853467941284e-01
1.996703445911407471e-01
1.622474640607833862e-01
1.877419650554656982e-01
1.682494878768920898e-01
1.913330852985382080e-01
2.248539775609970093e-01
2.426972836256027222e-01
2.005537450313568115e-01
2.330135107040405273e-01
2.114558368921279907e-01
1.776783466339111328e-01
1.739526093006134033e-01
2.462133616209030151e-01
2.536251246929168701e-01
2.156991809606552124e-01
2.490416616201400757e-01
1.735046207904815674e-01
1.594108343124389648e-01
2.342498302459716797e-01
1.571827977895736694e-01
1.749981641769409180e-01
2.041225135326385498e-01
1.593854278326034546e-01
2.080247402191162109e-01
2.239370346069335938e-01
1.715701669454574585e-01
