8.003120422363281250e+01
8.198209381103515625e+01
7.846457672119140625e+01
7.393101501464843750e+01
6.342768859863281250e+01
6.551935577392578125e+01
5.442507553100585938e+01
5.161767196655273438e+01
4.110477828979492188e+01
2.994466590881347656e+01
2.549373817443847656e+01
2.321718597412109375e+01
2.250333976745605469e+01
2.399331474304199219e+01
2.934218978881835938e+01
3.077621269226074219e+01
2.991342163085937500e+01
2.873192405700683594e+01
2.495650482177734375e+01
2.397495079040527344e+01
2.361345481872558594e+01
2.185130691528320312e+01
2.119958114624023438e+01
2.276629638671875000e+01
2.398935508728027344e+01
2.373121070861816406e+01
2.369906234741210938e+01
2.406775856018066406e+01
2.347355270385742188e+01
2.555910491943359375e+01
2.266152763366699219e+01
2.254902648925781250e+01
2.309105300903320312e+01
2.184799194335937500e+01
2.390259170532226562e+01
2.049533081054687500e+01
2.118555068969726562e+01
2.004211807250976562e+01
2.077674865722656250e+01
2.107947349548339844e+01
2.203406524658203125e+01
1.835597419738769531e+01
2.080221366882324219e+01
2.180125236511230469e+01
1.965689468383789062e+01
2.034691619873046875e+01
2.044272613525390625e+01
2.132942962646484375e+01
2.254266929626464844e+01
1.990991783142089844e+01
2.031188583374023438e+01
1.879890251159667969e+01
2.164733123779296875e+01
1.845895957946777344e+01
1.836896705627441406e+01
1.708755493164062500e+01
1.718871879577636719e+01
1.769479179382324219e+01
1.691034317016601562e+01
1.700673103332519531e+01
1.490844058990478516e+01
1.533285617828369141e+01
1.377415657043457031e+01
1.307532405853271484e+01
1.326393699645996094e+01
1.053155231475830078e+01
1.028962326049804688e+01
1.038372039794921875e+01
1.020724487304687500e+01
8.758711814880371094e+00
9.574629783630371094e+00
1.028144550323486328e+01
1.053210639953613281e+01
1.047733020782470703e+01
9.306405067443847656e+00
1.020641708374023438e+01
9.522661209106445312e+00
8.415710449218750000e+00
8.636374473571777344e+00
7.297164916992187500e+00
7.621051788330078125e+00
7.766189575195312500e+00
6.457763671875000000e+00
7.801763057708740234e+00
7.094619274139404297e+00
7.054236888885498047e+00
7.041769504547119141e+00
6.139169216156005859e+00
6.221652984619140625e+00
5.942827701568603516e+00
5.084370613098144531e+00
4.998014926910400391e+00
6.544280529022216797e+00
5.833087444305419922e+00
6.109570980072021484e+00
4.905378341674804688e+00
5.654377937316894531e+00
5.091117382049560547e+00
4.898258686065673828e+00
4.299430370330810547e+00
4.777750015258789062e+00
4.749271392822265625e+00
4.249707698822021484e+00
3.208927631378173828e+00
3.963761568069458008e+00
4.645454883575439453e+00
4.496078491210937500e+00
4.133347511291503906e+00
3.933928251266479492e+00
4.324087142944335938e+00
5.113231658935546875e+00
4.108061790466308594e+00
5.287498474121093750e+00
4.025848865509033203e+00
4.406506538391113281e+00
4.855635643005371094e+00
4.283340454101562500e+00
4.585372924804687500e+00
4.595060348510742188e+00
4.071796894073486328e+00
4.417475223541259766e+00
4.264291286468505859e+00
4.251404762268066406e+00
4.253024578094482422e+00
4.505614280700683594e+00
5.315087795257568359e+00
4.016760349273681641e+00
3.193042278289794922e+00
3.510592222213745117e+00
3.832923412322998047e+00
4.106908321380615234e+00
4.342418670654296875e+00
3.508590459823608398e+00
3.696257829666137695e+00
3.338119745254516602e+00
3.838327884674072266e+00
3.881694316864013672e+00
3.952763795852661133e+00
3.632719039916992188e+00
3.539615869522094727e+00
4.648583889007568359e+00
3.491837739944458008e+00
3.784311532974243164e+00
3.125016927719116211e+00
3.770120620727539062e+00
3.491104125976562500e+00
3.860205411911010742e+00
3.485741376876831055e+00
3.756707191467285156e+00
3.374062061309814453e+00
3.397120952606201172e+00
3.382882356643676758e+00
3.699343204498291016e+00
3.343585252761840820e+00
3.758920431137084961e+00
3.641442537307739258e+00
3.022401571273803711e+00
3.336652040481567383e+00
3.542770147323608398e+00
2.948787450790405273e+00
3.047557592391967773e+00
2.508167982101440430e+00
3.338900566101074219e+00
2.747788906097412109e+00
2.968822002410888672e+00
3.083445310592651367e+00
2.738655090332031250e+00
2.299401044845581055e+00
2.450188159942626953e+00
2.231915712356567383e+00
2.586065769195556641e+00
2.526851892471313477e+00
2.242258071899414062e+00
1.921756505966186523e+00
1.887013435363769531e+00
1.783203840255737305e+00
2.098703145980834961e+00
1.946774721145629883e+00
1.396117687225341797e+00
1.423872828483581543e+00
1.177198052406311035e+00
1.216022729873657227e+00
1.159041285514831543e+00
1.173847913742065430e+00
1.017512440681457520e+00
1.162279844284057617e+00
1.102281212806701660e+00
1.202191948890686035e+00
1.124630570411682129e+00
1.195019245147705078e+00
1.277254223823547363e+00
1.230725884437561035e+00
1.336922645568847656e+00
1.080722808837890625e+00
1.255117654800415039e+00
1.014816641807556152e+00
9.148041605949401855e-01
1.091810703277587891e+00
1.002972483634948730e+00
1.090165376663208008e+00
1.053721547126770020e+00
1.170313835144042969e+00
9.110737442970275879e-01
1.412746191024780273e+00
1.142121315002441406e+00
7.802437543869018555e-01
1.233978509902954102e+00
1.033476829528808594e+00
1.053469300270080566e+00
1.059909343719482422e+00
9.917870759963989258e-01
1.013581275939941406e+00
1.122209310531616211e+00
1.040084838867187500e+00
1.071561098098754883e+00
1.108743667602539062e+00
1.167919754981994629e+00
1.095702528953552246e+00
1.047673225402832031e+00
1.039548754692077637e+00
1.096614956855773926e+00
9.321486949920654297e-01
1.066184401512145996e+00
1.000741362571716309e+00
1.377069234848022461e+00
1.013346314430236816e+00
1.004252076148986816e+00
9.797692298889160156e-01
1.017704010009765625e+00
1.104633450508117676e+00
1.174132585525512695e+00
1.240317225456237793e+00
1.055281519889831543e+00
1.002661585807800293e+00
9.025222659111022949e-01
9.448630809783935547e-01
1.027473449707031250e+00
8.920205831527709961e-01
1.113662719726562500e+00
1.026452660560607910e+00
1.061076164245605469e+00
9.667037725448608398e-01
9.424107074737548828e-01
1.048256278038024902e+00
1.092512965202331543e+00
1.061420917510986328e+00
9.870752096176147461e-01
9.255234003067016602e-01
9.911138415336608887e-01
1.020947098731994629e+00
1.095864892005920410e+00
1.029801487922668457e+00
1.071974396705627441e+00
9.139535427093505859e-01
1.095502972602844238e+00
1.057855486869812012e+00
8.130808472633361816e-01
1.208679318428039551e+00
9.146699905395507812e-01
1.095615386962890625e+00
9.428467154502868652e-01
1.183969855308532715e+00
9.541077613830566406e-01
1.072700858116149902e+00
9.449940919876098633e-01
1.061340689659118652e+00
1.103738784790039062e+00
9.824539422988891602e-01
1.015473246574401855e+00
9.913989305496215820e-01
8.612980246543884277e-01
9.239144325256347656e-01
8.739189505577087402e-01
1.015305280685424805e+00
1.047764062881469727e+00
8.192293047904968262e-01
1.075360536575317383e+00
9.515517950057983398e-01
9.520956873893737793e-01
8.803481459617614746e-01
9.074764251708984375e-01
1.123074650764465332e+00
9.289907217025756836e-01
9.551016092300415039e-01
8.552815318107604980e-01
8.418576121330261230e-01
1.048505544662475586e+00
8.972686529159545898e-01
9.808039665222167969e-01
9.507745504379272461e-01
8.553203940391540527e-01
9.697133898735046387e-01
8.480521440505981445e-01
8.008981943130493164e-01
9.023851156234741211e-01
9.450683593750000000e-01
8.738155961036682129e-01
9.376341700553894043e-01
9.698917269706726074e-01
8.481487631797790527e-01
9.442734718322753906e-01
8.358618021011352539e-01
7.709417939186096191e-01
7.783079147338867188e-01
8.953744769096374512e-01
8.256995677947998047e-01
7.971649765968322754e-01
8.438239693641662598e-01
8.982187509536743164e-01
8.943238258361816406e-01
8.285882472991943359e-01
7.841564416885375977e-01
7.218987941741943359e-01
8.126125931739807129e-01
7.723020911216735840e-01
7.990195751190185547e-01
7.466602325439453125e-01
8.131731152534484863e-01
8.150448203086853027e-01
7.963839173316955566e-01
1.007574558258056641e+00
8.748418688774108887e-01
8.346694111824035645e-01
8.051757216453552246e-01
7.753776907920837402e-01
6.927873492240905762e-01
7.687547206878662109e-01
8.111157417297363281e-01
8.610976338386535645e-01
6.530188918113708496e-01
7.101331949234008789e-01
7.283657789230346680e-01
8.017666339874267578e-01
7.989256978034973145e-01
7.773454189300537109e-01
5.955010652542114258e-01
6.522380709648132324e-01
7.816107869148254395e-01
8.292751312255859375e-01
7.353613376617431641e-01
6.838018894195556641e-01
7.830648422241210938e-01
8.223902583122253418e-01
8.027647137641906738e-01
8.759379982948303223e-01
7.339317798614501953e-01
7.234405279159545898e-01
8.285971879959106445e-01
8.708233237266540527e-01
8.322597742080688477e-01
6.835374832153320312e-01
6.927604079246520996e-01
7.023534774780273438e-01
7.121534943580627441e-01
7.150077819824218750e-01
8.280358910560607910e-01
7.064505219459533691e-01
7.894030809402465820e-01
6.335935592651367188e-01
7.652359008789062500e-01
6.140725016593933105e-01
7.037330269813537598e-01
6.657271981239318848e-01
7.040230035781860352e-01
6.810358762741088867e-01
7.039949893951416016e-01
7.048325538635253906e-01
6.733160614967346191e-01
7.259020805358886719e-01
7.073917388916015625e-01
6.226887702941894531e-01
7.330674529075622559e-01
6.836313605308532715e-01
7.165236473083496094e-01
7.811778783798217773e-01
6.553604602813720703e-01
6.682294011116027832e-01
6.891742944717407227e-01
6.918753385543823242e-01
7.551175355911254883e-01
7.469151020050048828e-01
7.344683408737182617e-01
6.457177996635437012e-01
7.635918259620666504e-01
7.226917743682861328e-01
7.202354073524475098e-01
6.947140097618103027e-01
6.786123514175415039e-01
7.206590771675109863e-01
7.186859846115112305e-01
5.283271670341491699e-01
6.598411202430725098e-01
6.365408897399902344e-01
7.211233377456665039e-01
7.101894617080688477e-01
6.025204658508300781e-01
7.602006793022155762e-01
7.264804244041442871e-01
7.437590956687927246e-01
6.992461681365966797e-01
7.879675626754760742e-01
6.569958329200744629e-01
7.044357657432556152e-01
6.749647259712219238e-01
7.874953150749206543e-01
7.419633269309997559e-01
6.652025580406188965e-01
5.873380303382873535e-01
7.376661300659179688e-01
7.251742482185363770e-01
7.036120891571044922e-01
6.535271406173706055e-01
7.686312794685363770e-01
7.849201560020446777e-01
5.912310481071472168e-01
5.488966703414916992e-01
5.999826788902282715e-01
7.284396886825561523e-01
5.712753534317016602e-01
7.056998610496520996e-01
7.011752724647521973e-01
6.974326968193054199e-01
7.176911234855651855e-01
6.912958621978759766e-01
6.034003496170043945e-01
6.963466405868530273e-01
6.403813362121582031e-01
5.298016667366027832e-01
5.563619136810302734e-01
7.126222848892211914e-01
6.388841271400451660e-01
6.316320896148681641e-01
6.287736296653747559e-01
6.622542738914489746e-01
7.364840507507324219e-01
7.500968575477600098e-01
7.674940824508666992e-01
6.836447119712829590e-01
6.898230314254760742e-01
6.566579341888427734e-01
7.014056444168090820e-01
6.660925745964050293e-01
7.115954756736755371e-01
6.412804722785949707e-01
7.330009341239929199e-01
6.549888849258422852e-01
6.565310359001159668e-01
6.676579713821411133e-01
6.383132338523864746e-01
6.805393695831298828e-01
5.434534549713134766e-01
7.667004466056823730e-01
6.014569401741027832e-01
5.787533521652221680e-01
6.930558681488037109e-01
6.094440221786499023e-01
7.551647424697875977e-01
7.004857659339904785e-01
7.831887602806091309e-01
6.298034787178039551e-01
7.541232109069824219e-01
6.872789263725280762e-01
5.960436463356018066e-01
6.130193471908569336e-01
5.641403794288635254e-01
8.989710807800292969e-01
6.765497922897338867e-01
6.374948024749755859e-01
7.057099938392639160e-01
6.619813442230224609e-01
6.437715291976928711e-01
6.726049184799194336e-01
6.471650004386901855e-01
8.032484054565429688e-01
6.508149504661560059e-01
6.346511244773864746e-01
7.060235142707824707e-01
6.551683545112609863e-01
6.509229540824890137e-01
7.858252525329589844e-01
6.911415457725524902e-01
6.475329399108886719e-01
7.454068660736083984e-01
6.181327104568481445e-01
5.803017616271972656e-01
7.398332357406616211e-01
5.700894594192504883e-01
6.518633961677551270e-01
6.539459228515625000e-01
6.656094789505004883e-01
6.643235683441162109e-01
5.850828289985656738e-01
6.525192856788635254e-01
6.192865967750549316e-01
6.242771744728088379e-01
5.480772256851196289e-01
6.672176122665405273e-01
6.522335410118103027e-01
6.434076428413391113e-01
6.572338938713073730e-01
7.796781659126281738e-01
6.396297812461853027e-01
6.628618240356445312e-01
6.598576903343200684e-01
6.350185275077819824e-01
6.658854484558105469e-01
6.463152170181274414e-01
7.358050942420959473e-01
6.925910711288452148e-01
6.675931215286254883e-01
6.000850796699523926e-01
7.407880425453186035e-01
6.805800795555114746e-01
6.688330173492431641e-01
7.178009152412414551e-01
6.322184801101684570e-01
7.523908019065856934e-01
7.220120429992675781e-01
7.144736647605895996e-01
6.632856130599975586e-01
5.234451293945312500e-01
6.957837343215942383e-01
6.533453464508056641e-01
5.762642621994018555e-01
6.265829801559448242e-01
6.869614720344543457e-01
6.557155251502990723e-01
9.150524139404296875e-01
6.798630952835083008e-01
8.561903834342956543e-01
7.417411804199218750e-01
7.586894631385803223e-01
6.596209406852722168e-01
6.090357303619384766e-01
7.038054466247558594e-01
7.332087159156799316e-01
7.075584530830383301e-01
7.054409980773925781e-01
1.066335558891296387e+00
5.894524455070495605e-01
7.018633484840393066e-01
6.985071897506713867e-01
5.593442916870117188e-01
6.960704922676086426e-01
6.701569557189941406e-01
6.663085818290710449e-01
7.026827931404113770e-01
6.593173742294311523e-01
7.217915654182434082e-01
6.248893737792968750e-01
6.921940445899963379e-01
7.083326578140258789e-01
6.798061728477478027e-01
7.058777213096618652e-01
6.325877904891967773e-01
7.401478886604309082e-01
6.537059545516967773e-01
6.311864852905273438e-01
5.768897533416748047e-01
7.511156797409057617e-01
7.105450034141540527e-01
7.248460650444030762e-01
7.052399516105651855e-01
6.576421260833740234e-01
6.750033497810363770e-01
7.494214773178100586e-01
7.089744210243225098e-01
6.382688879966735840e-01
6.518106460571289062e-01
6.921883225440979004e-01
6.190400123596191406e-01
7.183879613876342773e-01
7.323895692825317383e-01
6.534111499786376953e-01
7.953766584396362305e-01
6.498677134513854980e-01
8.456360101699829102e-01
6.715775728225708008e-01
7.600592374801635742e-01
6.684249639511108398e-01
7.157598733901977539e-01
7.947562932968139648e-01
6.291566491127014160e-01
6.532386541366577148e-01
7.303143739700317383e-01
6.044759154319763184e-01
6.297265291213989258e-01
5.855082869529724121e-01
7.463672161102294922e-01
6.555781364440917969e-01
6.196064949035644531e-01
7.264180183410644531e-01
6.522309780120849609e-01
6.427463889122009277e-01
5.610867738723754883e-01
6.972352862358093262e-01
6.443772315979003906e-01
6.378331184387207031e-01
7.406026124954223633e-01
6.369950175285339355e-01
6.363683938980102539e-01
5.692597627639770508e-01
5.584828853607177734e-01
7.155857682228088379e-01
6.456714272499084473e-01
6.527838706970214844e-01
7.429893612861633301e-01
7.473871707916259766e-01
6.450556516647338867e-01
7.106564640998840332e-01
6.814798116683959961e-01
6.526830792427062988e-01
6.935988664627075195e-01
6.865730285644531250e-01
7.072022557258605957e-01
5.949621200561523438e-01
7.234085798263549805e-01
7.244747281074523926e-01
6.892388463020324707e-01
6.416376233100891113e-01
6.645979881286621094e-01
6.539780497550964355e-01
7.216022014617919922e-01
6.041562557220458984e-01
6.874241232872009277e-01
6.646633148193359375e-01
7.038877606391906738e-01
7.527124881744384766e-01
6.481010913848876953e-01
8.094152808189392090e-01
8.781018853187561035e-01
8.099103569984436035e-01
7.065250277519226074e-01
8.628816604614257812e-01
7.042557001113891602e-01
7.657484412193298340e-01
7.485888600349426270e-01
7.476729154586791992e-01
7.981632947921752930e-01
6.932728290557861328e-01
7.691740393638610840e-01
7.367198467254638672e-01
6.823164224624633789e-01
7.070722579956054688e-01
8.747162818908691406e-01
7.399873733520507812e-01
7.827376723289489746e-01
6.354842185974121094e-01
7.920868396759033203e-01
7.892037034034729004e-01
6.574836373329162598e-01
7.042369246482849121e-01
8.457688689231872559e-01
6.967477798461914062e-01
6.284233927726745605e-01
7.735943794250488281e-01
7.483030557632446289e-01
6.292645335197448730e-01
6.673697829246520996e-01
6.342514157295227051e-01
6.255180239677429199e-01
6.681206822395324707e-01
7.311804890632629395e-01
6.095197200775146484e-01
6.880655884742736816e-01
7.061948180198669434e-01
7.247232794761657715e-01
6.776209473609924316e-01
7.289798855781555176e-01
6.461234688758850098e-01
7.621549367904663086e-01
6.937402486801147461e-01
6.811720728874206543e-01
7.679702043533325195e-01
6.413621306419372559e-01
7.501204013824462891e-01
6.612963080406188965e-01
7.489674687385559082e-01
7.332450151443481445e-01
6.462613344192504883e-01
7.530730962753295898e-01
6.542577743530273438e-01
6.976589560508728027e-01
6.868616938591003418e-01
9.172033071517944336e-01
7.971265912055969238e-01
5.888310074806213379e-01
7.188217639923095703e-01
7.544407844543457031e-01
6.808845996856689453e-01
6.503454446792602539e-01
7.734803557395935059e-01
7.999580502510070801e-01
7.393645644187927246e-01
6.062271595001220703e-01
9.001622200012207031e-01
7.258164882659912109e-01
8.025630116462707520e-01
7.423419356346130371e-01
7.969877123832702637e-01
6.443066000938415527e-01
6.510104537010192871e-01
7.205464839935302734e-01
8.083639740943908691e-01
7.859987616539001465e-01
6.932182312011718750e-01
8.414976000785827637e-01
6.574124693870544434e-01
7.055312991142272949e-01
7.692058682441711426e-01
6.885319948196411133e-01
6.146752834320068359e-01
5.722793340682983398e-01
8.113690018653869629e-01
7.949234247207641602e-01
7.442370057106018066e-01
7.614337205886840820e-01
7.138093709945678711e-01
7.379768490791320801e-01
7.502750754356384277e-01
6.184591650962829590e-01
7.412120699882507324e-01
6.110666394233703613e-01
7.805663347244262695e-01
7.568708062171936035e-01
7.258581519126892090e-01
7.616928815841674805e-01
7.278266549110412598e-01
7.093728184700012207e-01
6.635293364524841309e-01
6.830478906631469727e-01
6.888350844383239746e-01
7.257357239723205566e-01
7.556289434432983398e-01
6.923350095748901367e-01
6.814846992492675781e-01
7.219666838645935059e-01
6.481621265411376953e-01
6.888374686241149902e-01
6.969543099403381348e-01
7.179351449012756348e-01
6.999562978744506836e-01
7.440061569213867188e-01
6.748840212821960449e-01
6.813417673110961914e-01
6.506725549697875977e-01
6.664851903915405273e-01
6.755310297012329102e-01
6.909438967704772949e-01
6.660425066947937012e-01
8.923814892768859863e-01
7.701236009597778320e-01
7.206141352653503418e-01
7.101112604141235352e-01
6.050083637237548828e-01
6.667432785034179688e-01
7.524573206901550293e-01
8.462109565734863281e-01
7.251233458518981934e-01
6.682911515235900879e-01
7.452904582023620605e-01
6.292144060134887695e-01
7.437601685523986816e-01
6.582953333854675293e-01
7.650374770164489746e-01
6.849455833435058594e-01
7.596840262413024902e-01
6.840956211090087891e-01
5.808775424957275391e-01
7.699913978576660156e-01
7.651608586311340332e-01
8.614017963409423828e-01
6.918218731880187988e-01
7.794880270957946777e-01
6.791190505027770996e-01
7.357758879661560059e-01
7.730722427368164062e-01
6.927075386047363281e-01
7.935702800750732422e-01
7.027077674865722656e-01
7.527229189872741699e-01
7.510997653007507324e-01
7.374851107597351074e-01
7.422218918800354004e-01
6.992223262786865234e-01
8.569449186325073242e-01
7.508955001831054688e-01
8.117826581001281738e-01
7.513609528541564941e-01
7.803052067756652832e-01
5.979154109954833984e-01
6.569182276725769043e-01
7.617073655128479004e-01
7.293804287910461426e-01
7.618616223335266113e-01
6.841834187507629395e-01
6.290940046310424805e-01
7.158221006393432617e-01
6.422059535980224609e-01
7.124108076095581055e-01
6.715831160545349121e-01
7.464723587036132812e-01
7.300466895103454590e-01
5.418307781219482422e-01
7.481274008750915527e-01
7.389180064201354980e-01
6.389926075935363770e-01
6.805621981620788574e-01
7.301980853080749512e-01
5.999100804328918457e-01
7.030557990074157715e-01
7.280581593513488770e-01
6.985163688659667969e-01
7.065025568008422852e-01
6.472724080085754395e-01
7.818732857704162598e-01
6.670086383819580078e-01
7.197767496109008789e-01
7.062597870826721191e-01
7.006700038909912109e-01
7.699795961380004883e-01
5.784726142883300781e-01
6.751409173011779785e-01
6.215740442276000977e-01
6.632955670356750488e-01
6.755329966545104980e-01
6.057936549186706543e-01
7.213607430458068848e-01
7.234038710594177246e-01
6.447505354881286621e-01
5.970494747161865234e-01
7.816951870918273926e-01
7.387952208518981934e-01
6.543796062469482422e-01
7.577134370803833008e-01
7.532603740692138672e-01
6.680236458778381348e-01
7.823057174682617188e-01
7.375755906105041504e-01
7.455215454101562500e-01
7.041606903076171875e-01
6.740325093269348145e-01
7.183414101600646973e-01
8.327522873878479004e-01
8.064213991165161133e-01
6.368618607521057129e-01
6.765417456626892090e-01
7.091244459152221680e-01
7.326941490173339844e-01
6.691499352455139160e-01
9.208387732505798340e-01
6.853152513504028320e-01
6.944862008094787598e-01
6.656540036201477051e-01
6.274609565734863281e-01
6.411622762680053711e-01
6.604418158531188965e-01
7.658336162567138672e-01
7.399230003356933594e-01
8.947166204452514648e-01
6.389006972312927246e-01
7.911913990974426270e-01
6.845855116844177246e-01
6.855707168579101562e-01
6.220963597297668457e-01
6.694211363792419434e-01
7.231888771057128906e-01
6.862771511077880859e-01
7.966398596763610840e-01
7.395946383476257324e-01
6.878303289413452148e-01
7.230994701385498047e-01
6.895517706871032715e-01
6.065291762351989746e-01
7.940652370452880859e-01
7.643116712570190430e-01
7.644130587577819824e-01
7.836328744888305664e-01
7.148028612136840820e-01
7.252454161643981934e-01
6.215510368347167969e-01
6.790751814842224121e-01
7.857782840728759766e-01
7.950174212455749512e-01
6.594172120094299316e-01
6.767958402633666992e-01
7.514861822128295898e-01
6.426517367362976074e-01
6.943047046661376953e-01
8.088977932929992676e-01
6.460341811180114746e-01
7.133422493934631348e-01
7.683336734771728516e-01
6.470524668693542480e-01
7.033513784408569336e-01
7.048508524894714355e-01
7.633381485939025879e-01
7.147337794303894043e-01
6.824545264244079590e-01
8.024389743804931641e-01
6.786210536956787109e-01
7.446555495262145996e-01
6.846864223480224609e-01
6.989086866378784180e-01
5.799352526664733887e-01
6.653552055358886719e-01
7.282140851020812988e-01
7.309648394584655762e-01
6.022791266441345215e-01
5.778025984764099121e-01
8.349474668502807617e-01
7.374628186225891113e-01
6.984776258468627930e-01
5.695254206657409668e-01
7.184536457061767578e-01
7.167919874191284180e-01
7.557448744773864746e-01
7.458965778350830078e-01
6.397960782051086426e-01
7.047721743583679199e-01
6.926785111427307129e-01
6.257300376892089844e-01
6.612697839736938477e-01
6.989659070968627930e-01
6.690169572830200195e-01
7.277343869209289551e-01
6.967694163322448730e-01
8.201473951339721680e-01
7.141163945198059082e-01
6.143780946731567383e-01
7.028618454933166504e-01
7.214946746826171875e-01
7.340047359466552734e-01
7.398195266723632812e-01
7.037519216537475586e-01
7.700687050819396973e-01
7.420091032981872559e-01
6.978974342346191406e-01
7.092491388320922852e-01
6.420000791549682617e-01
7.687133550643920898e-01
7.179555892944335938e-01
7.132167220115661621e-01
6.753195524215698242e-01
7.115915417671203613e-01
7.335940599441528320e-01
6.464900970458984375e-01
7.282660603523254395e-01
7.928705811500549316e-01
6.624379158020019531e-01
7.614015340805053711e-01
7.051389813423156738e-01
8.796049356460571289e-01
7.043595910072326660e-01
7.094838023185729980e-01
6.755955219268798828e-01
7.396410703659057617e-01
7.395501136779785156e-01
7.090925574302673340e-01
7.025493383407592773e-01
7.836509943008422852e-01
7.212576866149902344e-01
7.175090312957763672e-01
6.882871985435485840e-01
8.175595998764038086e-01
6.792216897010803223e-01
7.557888627052307129e-01
7.332110404968261719e-01
6.528244018554687500e-01
6.905344724655151367e-01
7.744498848915100098e-01
8.517597317695617676e-01
7.462910413742065430e-01
6.929224133491516113e-01
7.967684864997863770e-01
8.050519824028015137e-01
8.318870663642883301e-01
7.727506160736083984e-01
7.487437725067138672e-01
7.314264774322509766e-01
6.377298235893249512e-01
6.161136627197265625e-01
7.107231616973876953e-01
5.632337927818298340e-01
6.575679779052734375e-01
6.884320378303527832e-01
8.050488829612731934e-01
6.959505081176757812e-01
6.844056248664855957e-01
7.497146129608154297e-01
7.702686190605163574e-01
6.747963428497314453e-01
7.532426118850708008e-01
7.326446771621704102e-01
6.606295108795166016e-01
7.972024083137512207e-01
7.308521866798400879e-01
7.063902616500854492e-01
8.430727124214172363e-01
6.711863279342651367e-01
