1.073684263974428177e-02
5.860316567122936249e-03
5.190645344555377960e-03
4.951506853103637695e-03
4.448408726602792740e-03
4.410577937960624695e-03
3.862556302919983864e-03
3.025489160791039467e-03
4.267440643161535263e-03
3.206902882084250450e-03
2.976499497890472412e-03
2.760771429166197777e-03
2.961308928206562996e-03
3.393317805603146553e-03
2.888170769438147545e-03
2.813434693962335587e-03
3.027259605005383492e-03
2.771810628473758698e-03
2.742970595136284828e-03
2.541563007980585098e-03
