2.380770295858383179e-01
2.742382586002349854e-01
2.202261835336685181e-01
2.553881108760833740e-01
2.528001666069030762e-01
2.490889132022857666e-01
2.472706586122512817e-01
2.477306425571441650e-01
2.315866947174072266e-01
2.266630232334136963e-01
2.171222865581512451e-01
2.403587996959686279e-01
2.543103992938995361e-01
2.352746874094009399e-01
2.480407804250717163e-01
2.304144054651260376e-01
2.409875392913818359e-01
1.991818547248840332e-01
2.408997565507888794e-01
2.472551465034484863e-01
2.286227643489837646e-01
2.120577096939086914e-01
2.587578892707824707e-01
2.380481362342834473e-01
2.379754632711410522e-01
2.377356737852096558e-01
2.341845631599426270e-01
2.292100638151168823e-01
2.268659323453903198e-01
2.359340190887451172e-01
2.324006706476211548e-01
2.385172992944717407e-01
2.300476133823394775e-01
2.314916402101516724e-01
2.437482476234436035e-01
2.411562800407409668e-01
2.561220228672027588e-01
2.439243048429489136e-01
2.045865803956985474e-01
2.311192452907562256e-01
2.123543322086334229e-01
2.267694175243377686e-01
2.146614640951156616e-01
2.204758077859878540e-01
2.354265451431274414e-01
2.212665230035781860e-01
2.249981611967086792e-01
2.357815951108932495e-01
2.097333222627639771e-01
2.307679653167724609e-01
2.134854942560195923e-01
2.122666239738464355e-01
2.136319577693939209e-01
2.178977280855178833e-01
2.052791416645050049e-01
1.938222050666809082e-01
2.143196314573287964e-01
1.949181109666824341e-01
1.991025805473327637e-01
1.717898696660995483e-01
1.662299335002899170e-01
1.589709967374801636e-01
1.533386856317520142e-01
1.410705894231796265e-01
1.337109357118606567e-01
1.136321872472763062e-01
1.158683449029922485e-01
1.063764542341232300e-01
9.633971750736236572e-02
7.552319020032882690e-02
5.970041826367378235e-02
6.369613856077194214e-02
4.564676806330680847e-02
4.393615573644638062e-02
4.148954898118972778e-02
5.741676688194274902e-02
9.244620800018310547e-02
1.525949537754058838e-01
1.280211061239242554e-01
6.933177262544631958e-02
1.199486106634140015e-01
9.849186986684799194e-02
9.141164273023605347e-02
1.311300098896026611e-01
1.275636106729507446e-01
7.563289999961853027e-02
9.546563029289245605e-02
8.973716944456100464e-02
6.613732129335403442e-02
8.544234931468963623e-02
7.736838608980178833e-02
4.534032568335533142e-02
7.400909066200256348e-02
4.131706058979034424e-02
5.801704898476600647e-02
5.731356516480445862e-02
3.844853863120079041e-02
5.924206227064132690e-02
4.126817733049392700e-02
6.235716864466667175e-02
5.180773138999938965e-02
4.177488386631011963e-02
4.825399070978164673e-02
3.688521683216094971e-02
5.895563215017318726e-02
4.990609362721443176e-02
4.120237752795219421e-02
4.617200419306755066e-02
4.102843999862670898e-02
4.866316169500350952e-02
4.605032131075859070e-02
4.006345942616462708e-02
4.116243869066238403e-02
3.764049336314201355e-02
3.794534131884574890e-02
4.040146246552467346e-02
3.893560171127319336e-02
3.598343580961227417e-02
4.011458531022071838e-02
3.732733055949211121e-02
4.142303764820098877e-02
3.653686866164207458e-02
3.839598223567008972e-02
3.584961593151092529e-02
3.743575885891914368e-02
3.707593306899070740e-02
3.736497834324836731e-02
3.729010745882987976e-02
3.934834152460098267e-02
3.764488548040390015e-02
3.659044206142425537e-02
3.790402784943580627e-02
3.896540030837059021e-02
3.574568405747413635e-02
3.564424812793731689e-02
3.721455857157707214e-02
3.659199923276901245e-02
3.722910210490226746e-02
3.480563685297966003e-02
4.112968221306800842e-02
3.645010292530059814e-02
3.310587629675865173e-02
3.411815688014030457e-02
3.563233464956283569e-02
3.568562865257263184e-02
3.417699411511421204e-02
3.613449260592460632e-02
3.401626273989677429e-02
3.825243562459945679e-02
3.491175174713134766e-02
3.501193225383758545e-02
3.332707285881042480e-02
3.437715768814086914e-02
3.682817518711090088e-02
3.746811673045158386e-02
3.689721599221229553e-02
3.527799993753433228e-02
3.746544942259788513e-02
3.641588985919952393e-02
3.547161817550659180e-02
3.566753864288330078e-02
3.835575282573699951e-02
3.507050126791000366e-02
3.819183260202407837e-02
3.723914921283721924e-02
3.591036424040794373e-02
3.967421501874923706e-02
3.700495883822441101e-02
3.546953201293945312e-02
3.660651296377182007e-02
3.458861634135246277e-02
3.601439669728279114e-02
3.241685777902603149e-02
3.675388172268867493e-02
3.505255281925201416e-02
3.136797249317169189e-02
3.409273922443389893e-02
3.425406292080879211e-02
3.675588592886924744e-02
3.520032390952110291e-02
3.528385236859321594e-02
3.222672268748283386e-02
3.646484389901161194e-02
3.807430714368820190e-02
3.550016507506370544e-02
3.545723482966423035e-02
3.711679205298423767e-02
3.687079250812530518e-02
3.549451380968093872e-02
3.089671395719051361e-02
3.565211221575737000e-02
3.258993476629257202e-02
3.684233501553535461e-02
2.863909490406513214e-02
3.657485917210578918e-02
3.304148837924003601e-02
3.531821817159652710e-02
3.427574783563613892e-02
3.542950004339218140e-02
3.393547609448432922e-02
3.181656450033187866e-02
3.427343443036079407e-02
3.261233121156692505e-02
3.565834462642669678e-02
3.461546823382377625e-02
3.542165085673332214e-02
3.400570526719093323e-02
3.314998373389244080e-02
3.596546873450279236e-02
3.556054085493087769e-02
2.958302758634090424e-02
3.343051671981811523e-02
3.463915362954139709e-02
3.105178102850914001e-02
3.391017392277717590e-02
3.043542243540287018e-02
3.735186532139778137e-02
2.977351099252700806e-02
3.288565948605537415e-02
3.158392757177352905e-02
3.163827210664749146e-02
3.249617293477058411e-02
3.377575054764747620e-02
3.006554208695888519e-02
3.684461116790771484e-02
3.201097622513771057e-02
3.642323985695838928e-02
3.172684833407402039e-02
3.314809501171112061e-02
3.012310713529586792e-02
2.762475609779357910e-02
3.073223866522312164e-02
3.556569665670394897e-02
3.227410465478897095e-02
3.120233677327632904e-02
3.212899714708328247e-02
3.422274440526962280e-02
3.074524551630020142e-02
3.194362297654151917e-02
3.206469118595123291e-02
3.119023703038692474e-02
3.163427114486694336e-02
3.066001087427139282e-02
3.164567425847053528e-02
3.671117871999740601e-02
3.246502950787544250e-02
3.221252188086509705e-02
3.226161748170852661e-02
3.233036771416664124e-02
3.080362640321254730e-02
3.404063731431961060e-02
3.211154416203498840e-02
2.981021068990230560e-02
3.290468826889991760e-02
2.664615586400032043e-02
3.474573791027069092e-02
3.159427642822265625e-02
2.991929836571216583e-02
3.102806396782398224e-02
3.218710422515869141e-02
3.002396225929260254e-02
3.128470107913017273e-02
3.224867954850196838e-02
3.143263608217239380e-02
2.979477122426033020e-02
3.276130184531211853e-02
3.328480571508407593e-02
3.239642828702926636e-02
3.148230165243148804e-02
3.056176193058490753e-02
3.265568614006042480e-02
3.395661339163780212e-02
3.442121297121047974e-02
3.152453899383544922e-02
3.253079578280448914e-02
3.342766314744949341e-02
3.479460999369621277e-02
3.578806668519973755e-02
3.249712288379669189e-02
3.809714317321777344e-02
2.736665494740009308e-02
3.296811506152153015e-02
3.303985297679901123e-02
2.983085066080093384e-02
3.214068710803985596e-02
3.157961368560791016e-02
3.465850651264190674e-02
2.952482551336288452e-02
3.022773191332817078e-02
2.880298346281051636e-02
3.463459759950637817e-02
3.082375228404998779e-02
3.316118568181991577e-02
3.234317898750305176e-02
3.789585456252098083e-02
3.243260830640792847e-02
3.465761989355087280e-02
3.629103675484657288e-02
3.106029890477657318e-02
3.195371851325035095e-02
2.748076245188713074e-02
3.767074272036552429e-02
3.190255537629127502e-02
3.047387301921844482e-02
3.456463664770126343e-02
3.249378502368927002e-02
3.179278224706649780e-02
3.223750740289688110e-02
3.486092761158943176e-02
3.301726281642913818e-02
3.407479450106620789e-02
3.069352358579635620e-02
3.684205561876296997e-02
2.816723287105560303e-02
3.323071449995040894e-02
3.140957653522491455e-02
4.195563867688179016e-02
3.258099034428596497e-02
2.951284497976303101e-02
4.399574548006057739e-02
2.864707633852958679e-02
3.446273505687713623e-02
3.357582911849021912e-02
3.925410285592079163e-02
3.214920312166213989e-02
3.663814440369606018e-02
4.362208396196365356e-02
3.947483375668525696e-02
3.356187045574188232e-02
3.482387587428092957e-02
3.461827337741851807e-02
4.089996218681335449e-02
3.270484507083892822e-02
3.396402299404144287e-02
4.218470677733421326e-02
3.402845188975334167e-02
3.172652795910835266e-02
3.008558787405490875e-02
3.148399665951728821e-02
3.290146216750144958e-02
3.279058262705802917e-02
3.072310425341129303e-02
3.035408258438110352e-02
3.273032978177070618e-02
3.168343007564544678e-02
2.928733453154563904e-02
3.108472935855388641e-02
3.298089280724525452e-02
2.809392102062702179e-02
2.976004965603351593e-02
2.988462336361408234e-02
3.097463026642799377e-02
3.125378862023353577e-02
2.887199819087982178e-02
2.918986044824123383e-02
2.728562615811824799e-02
3.049381263554096222e-02
2.940086089074611664e-02
3.266545012593269348e-02
3.329703956842422485e-02
3.334964439272880554e-02
3.009418398141860962e-02
3.179126977920532227e-02
2.724013850092887878e-02
3.141969069838523865e-02
3.404055908322334290e-02
3.165052086114883423e-02
3.046503663063049316e-02
3.122211061418056488e-02
3.187443688511848450e-02
3.005389682948589325e-02
3.138767927885055542e-02
3.254851698875427246e-02
3.521199524402618408e-02
3.379586338996887207e-02
2.741374075412750244e-02
3.450610488653182983e-02
3.031652048230171204e-02
3.568172454833984375e-02
3.634616732597351074e-02
3.515820577740669250e-02
3.244316577911376953e-02
3.077089227735996246e-02
3.751871362328529358e-02
4.314471408724784851e-02
3.128481656312942505e-02
3.397838026285171509e-02
3.998823463916778564e-02
3.268774971365928650e-02
3.422298654913902283e-02
3.083077818155288696e-02
3.416935727000236511e-02
3.226864710450172424e-02
3.762502223253250122e-02
2.891994640231132507e-02
3.124469518661499023e-02
3.010134957730770111e-02
3.634677454829216003e-02
2.670682966709136963e-02
3.386154398322105408e-02
2.745945006608963013e-02
3.533797711133956909e-02
3.442661836743354797e-02
3.183433413505554199e-02
2.912247925996780396e-02
2.921489067375659943e-02
2.661091089248657227e-02
2.562942355871200562e-02
3.003551252186298370e-02
2.697267197072505951e-02
2.948888391256332397e-02
2.523634396493434906e-02
3.175834566354751587e-02
2.463965117931365967e-02
2.898343652486801147e-02
2.733991295099258423e-02
2.734071016311645508e-02
2.829595096409320831e-02
2.826319076120853424e-02
2.745905332267284393e-02
2.588023059070110321e-02
2.709116600453853607e-02
2.834769152104854584e-02
2.762307040393352509e-02
2.576480805873870850e-02
3.027701191604137421e-02
2.885606326162815094e-02
2.548866346478462219e-02
2.991162054240703583e-02
2.634502016007900238e-02
2.907208167016506195e-02
2.680535055696964264e-02
2.407621964812278748e-02
2.448075264692306519e-02
2.763652615249156952e-02
2.782872132956981659e-02
2.683225832879543304e-02
2.668922580778598785e-02
2.636408805847167969e-02
2.815692685544490814e-02
2.630790323019027710e-02
2.653113566339015961e-02
2.856261096894741058e-02
2.657094225287437439e-02
2.824939414858818054e-02
2.646481059491634369e-02
2.588650025427341461e-02
2.869972400367259979e-02
2.809487283229827881e-02
2.672359347343444824e-02
2.727204933762550354e-02
2.426957525312900543e-02
2.488751895725727081e-02
2.796949818730354309e-02
2.532839961349964142e-02
2.632972970604896545e-02
2.428316138684749603e-02
2.707546018064022064e-02
2.702886052429676056e-02
2.765448018908500671e-02
2.389768883585929871e-02
2.499961480498313904e-02
2.672483772039413452e-02
2.513458579778671265e-02
2.641792036592960358e-02
2.599931508302688599e-02
2.596094831824302673e-02
2.533077262341976166e-02
2.982554584741592407e-02
2.808061987161636353e-02
2.480566687881946564e-02
2.492855489253997803e-02
2.785773202776908875e-02
2.681413851678371429e-02
2.638835832476615906e-02
2.496714703738689423e-02
2.623818442225456238e-02
2.497154660522937775e-02
2.563906647264957428e-02
2.476003766059875488e-02
2.764452062547206879e-02
2.568831667304039001e-02
2.501991204917430878e-02
2.985765784978866577e-02
2.582756243646144867e-02
2.943245321512222290e-02
2.790534496307373047e-02
2.459634654223918915e-02
2.406018786132335663e-02
2.304774336516857147e-02
2.348276041448116302e-02
2.598532103002071381e-02
2.253645658493041992e-02
2.930313721299171448e-02
2.667997777462005615e-02
2.376196719706058502e-02
2.484046667814254761e-02
2.574798092246055603e-02
3.415943309664726257e-02
2.649126760661602020e-02
2.469459362328052521e-02
2.563638053834438324e-02
2.731638401746749878e-02
2.736042439937591553e-02
2.847411483526229858e-02
2.920942567288875580e-02
2.458314597606658936e-02
2.950082160532474518e-02
2.881919220089912415e-02
2.833717130124568939e-02
2.946973592042922974e-02
2.454287931323051453e-02
2.714711427688598633e-02
2.265595458447933197e-02
2.668001130223274231e-02
2.504715137183666229e-02
2.584511786699295044e-02
2.620603516697883606e-02
2.510743215680122375e-02
2.499910816550254822e-02
2.672216109931468964e-02
2.453606575727462769e-02
2.427366748452186584e-02
2.526507340371608734e-02
2.427862212061882019e-02
2.316169627010822296e-02
2.410681545734405518e-02
2.443691715598106384e-02
2.365913055837154388e-02
2.437951043248176575e-02
2.434501610696315765e-02
2.203981019556522369e-02
2.492776140570640564e-02
2.027981542050838470e-02
2.448264509439468384e-02
2.755528502166271210e-02
2.206950075924396515e-02
2.568656206130981445e-02
2.478987723588943481e-02
2.691780589520931244e-02
2.503936924040317535e-02
2.418317832052707672e-02
2.270638570189476013e-02
2.585434168577194214e-02
2.539566904306411743e-02
2.582868933677673340e-02
2.419717423617839813e-02
2.362772449851036072e-02
2.239398658275604248e-02
2.355496026575565338e-02
2.473193407058715820e-02
2.484015189111232758e-02
2.258003316819667816e-02
2.648652531206607819e-02
3.111716546118259430e-02
2.434354461729526520e-02
2.810698375105857849e-02
2.269750274717807770e-02
2.540490031242370605e-02
2.626793645322322845e-02
2.485967241227626801e-02
2.501823753118515015e-02
2.387214824557304382e-02
2.456945553421974182e-02
2.399297989904880524e-02
2.124517969787120819e-02
2.315869554877281189e-02
2.532880380749702454e-02
2.382804080843925476e-02
2.407437190413475037e-02
2.417603693902492523e-02
2.457604371011257172e-02
2.271734923124313354e-02
2.297607436776161194e-02
3.166176751255989075e-02
2.226427197456359863e-02
2.723617479205131531e-02
2.092402800917625427e-02
2.760452404618263245e-02
2.170920185744762421e-02
2.672449685633182526e-02
2.975028939545154572e-02
2.291545085608959198e-02
2.743377350270748138e-02
2.384574525058269501e-02
2.875916101038455963e-02
2.390886656939983368e-02
2.451540343463420868e-02
2.283481135964393616e-02
3.433179855346679688e-02
2.434548735618591309e-02
3.890986368060112000e-02
3.188866004347801208e-02
3.350035846233367920e-02
3.118116036057472229e-02
2.614927105605602264e-02
3.142608702182769775e-02
2.702548541128635406e-02
2.844745106995105743e-02
2.557012252509593964e-02
3.055326081812381744e-02
2.438373677432537079e-02
2.838009409606456757e-02
2.417325787246227264e-02
3.116784058511257172e-02
2.204416692256927490e-02
3.011804074048995972e-02
2.248896472156047821e-02
3.169425576925277710e-02
2.573285624384880066e-02
2.683088928461074829e-02
2.866733260452747345e-02
2.436369657516479492e-02
2.316335774958133698e-02
2.469873800873756409e-02
2.597404271364212036e-02
2.559015527367591858e-02
2.581329271197319031e-02
2.248873189091682434e-02
2.706187963485717773e-02
2.324949391186237335e-02
2.922922000288963318e-02
2.310200221836566925e-02
2.746111154556274414e-02
2.465545013546943665e-02
2.404113486409187317e-02
2.579894103109836578e-02
2.484981901943683624e-02
2.444134280085563660e-02
2.148845978081226349e-02
2.382349595427513123e-02
2.242028154432773590e-02
2.338018454611301422e-02
2.496737800538539886e-02
2.518840692937374115e-02
2.120497077703475952e-02
2.255512773990631104e-02
2.264542691409587860e-02
2.536430582404136658e-02
2.138835936784744263e-02
2.552142180502414703e-02
2.486060746014118195e-02
2.340082637965679169e-02
2.533811889588832855e-02
2.090160921216011047e-02
2.655999734997749329e-02
2.489999309182167053e-02
2.221587114036083221e-02
2.170766890048980713e-02
2.371214330196380615e-02
2.581507712602615356e-02
2.237107604742050171e-02
2.556837536394596100e-02
2.388742938637733459e-02
2.550279162824153900e-02
2.880282700061798096e-02
2.559435926377773285e-02
2.606115676462650299e-02
2.212954312562942505e-02
2.257265709340572357e-02
2.204622700810432434e-02
2.351509220898151398e-02
2.267490513622760773e-02
2.430182322859764099e-02
2.174872346222400665e-02
2.411829121410846710e-02
2.267808094620704651e-02
1.962001062929630280e-02
2.309772372245788574e-02
2.214991673827171326e-02
2.180590108036994934e-02
2.335972525179386139e-02
2.273036167025566101e-02
2.234673313796520233e-02
2.403499186038970947e-02
2.246039174497127533e-02
2.345815487205982208e-02
2.245520055294036865e-02
2.286195941269397736e-02
2.323315478861331940e-02
2.318799309432506561e-02
2.133607678115367889e-02
2.701894938945770264e-02
2.329026721417903900e-02
2.628032863140106201e-02
2.491416968405246735e-02
2.360318228602409363e-02
2.299325540661811829e-02
2.103209309279918671e-02
2.036726474761962891e-02
2.367050014436244965e-02
2.294688485562801361e-02
2.398779988288879395e-02
2.057578042149543762e-02
2.126288972795009613e-02
2.304967306554317474e-02
2.123233862221240997e-02
2.334770187735557556e-02
2.164037525653839111e-02
2.179756946861743927e-02
2.318566851317882538e-02
2.214503474533557892e-02
2.380457893013954163e-02
2.195558324456214905e-02
2.207657322287559509e-02
2.403122000396251678e-02
2.081183716654777527e-02
2.190333791077136993e-02
1.974922418594360352e-02
2.335715293884277344e-02
2.406622096896171570e-02
1.992099732160568237e-02
2.192158438265323639e-02
2.254782989621162415e-02
2.440687827765941620e-02
2.095865271985530853e-02
2.016083151102066040e-02
2.359094098210334778e-02
2.231862582266330719e-02
2.217740938067436218e-02
2.255556546151638031e-02
2.288244478404521942e-02
2.206978574395179749e-02
2.210478484630584717e-02
2.094316668808460236e-02
2.219978533685207367e-02
2.143867686390876770e-02
2.256524376571178436e-02
2.140985988080501556e-02
2.257700636982917786e-02
2.258652262389659882e-02
2.201786078512668610e-02
2.135188318789005280e-02
2.216597273945808411e-02
1.981093175709247589e-02
2.161561325192451477e-02
2.126938477158546448e-02
2.128688059747219086e-02
2.228813059628009796e-02
2.207314036786556244e-02
2.277368120849132538e-02
2.311722561717033386e-02
2.229896187782287598e-02
2.249268814921379089e-02
2.242658846080303192e-02
2.104891650378704071e-02
2.320823632180690765e-02
2.164050936698913574e-02
2.209247834980487823e-02
2.057285979390144348e-02
2.273754402995109558e-02
2.310802601277828217e-02
2.061353623867034912e-02
2.258448116481304169e-02
2.185058407485485077e-02
2.267761901021003723e-02
2.594957314431667328e-02
2.105885185301303864e-02
2.739858999848365784e-02
2.431731671094894409e-02
3.609787300229072571e-02
2.082497626543045044e-02
3.432988747954368591e-02
2.300876006484031677e-02
3.105623088777065277e-02
2.170367538928985596e-02
3.188171610236167908e-02
2.012015692889690399e-02
2.839165739715099335e-02
1.885387301445007324e-02
3.121060691773891449e-02
2.180086448788642883e-02
2.946787700057029724e-02
2.152941189706325531e-02
2.770321071147918701e-02
2.199137210845947266e-02
3.247423470020294189e-02
2.558641880750656128e-02
2.331914193928241730e-02
2.110896259546279907e-02
2.801024727523326874e-02
2.338204905390739441e-02
2.940437570214271545e-02
2.124990895390510559e-02
2.328207157552242279e-02
2.081179805099964142e-02
2.281331457197666168e-02
2.173325046896934509e-02
2.061732485890388489e-02
2.192941308021545410e-02
2.234874479472637177e-02
2.096791937947273254e-02
2.138207666575908661e-02
2.361136116087436676e-02
2.068129554390907288e-02
2.213705331087112427e-02
1.978098787367343903e-02
2.189364843070507050e-02
1.842102780938148499e-02
2.475415356457233429e-02
2.221824042499065399e-02
2.340636402368545532e-02
2.161084488034248352e-02
2.193504571914672852e-02
2.120811492204666138e-02
2.486209571361541748e-02
2.467111498117446899e-02
2.072098851203918457e-02
2.265550941228866577e-02
2.274195477366447449e-02
2.444899082183837891e-02
2.346836589276790619e-02
2.403739653527736664e-02
2.344201691448688507e-02
2.160366252064704895e-02
2.264268137514591217e-02
2.751817181706428528e-02
2.593695744872093201e-02
2.393195405602455139e-02
2.350980974733829498e-02
2.532395161688327789e-02
2.064974606037139893e-02
3.229252994060516357e-02
2.161241322755813599e-02
2.772951871156692505e-02
1.995271258056163788e-02
2.889033034443855286e-02
2.185784466564655304e-02
2.551930584013462067e-02
2.095938846468925476e-02
2.369474619626998901e-02
2.240978740155696869e-02
2.067417278885841370e-02
2.109039574861526489e-02
2.384858205914497375e-02
2.450659126043319702e-02
2.071141824126243591e-02
1.951099373400211334e-02
2.337383665144443512e-02
2.384609542787075043e-02
2.243262901902198792e-02
2.140893973410129547e-02
2.206508629024028778e-02
2.298454567790031433e-02
2.198476716876029968e-02
2.037580125033855438e-02
2.175498194992542267e-02
1.974256709218025208e-02
2.102041430771350861e-02
1.983445510268211365e-02
1.832983829081058502e-02
2.056776173412799835e-02
1.977135054767131805e-02
2.181190252304077148e-02
1.984277926385402679e-02
2.122171036899089813e-02
2.026408538222312927e-02
2.195312082767486572e-02
2.131335064768791199e-02
2.189107611775398254e-02
2.138137258589267731e-02
2.500429004430770874e-02
2.132794819772243500e-02
2.152228914201259613e-02
2.151255868375301361e-02
2.232096157968044281e-02
2.297519147396087646e-02
2.334803901612758636e-02
2.143482677638530731e-02
2.487373352050781250e-02
2.405179850757122040e-02
2.587426640093326569e-02
2.278846874833106995e-02
2.544879168272018433e-02
2.359267696738243103e-02
2.468931302428245544e-02
2.178676798939704895e-02
2.126430533826351166e-02
1.927448809146881104e-02
2.076096273958683014e-02
2.161819860339164734e-02
1.863142102956771851e-02
2.269135974347591400e-02
2.207301184535026550e-02
2.233947627246379852e-02
2.581010386347770691e-02
2.233246900141239166e-02
2.755161374807357788e-02
2.147466130554676056e-02
2.405077405273914337e-02
2.024843357503414154e-02
2.206347137689590454e-02
2.221248857676982880e-02
2.587072551250457764e-02
2.125988155603408813e-02
2.369960956275463104e-02
2.093698270618915558e-02
2.413289994001388550e-02
2.404152043163776398e-02
2.115971222519874573e-02
2.176869846880435944e-02
2.046654745936393738e-02
2.076858840882778168e-02
2.152488194406032562e-02
2.144238352775573730e-02
2.235181070864200592e-02
2.373135648667812347e-02
1.950486376881599426e-02
1.977386698126792908e-02
1.876077614724636078e-02
2.048281766474246979e-02
2.062519080936908722e-02
2.374900318682193756e-02
1.937943324446678162e-02
1.951334252953529358e-02
1.973078027367591858e-02
2.074380032718181610e-02
1.826522499322891235e-02
1.788588427007198334e-02
1.995516568422317505e-02
2.032651938498020172e-02
1.932519860565662384e-02
2.014033682644367218e-02
2.034707926213741302e-02
1.820456609129905701e-02
1.839448139071464539e-02
1.930880174040794373e-02
1.914825849235057831e-02
2.066967263817787170e-02
2.111516706645488739e-02
2.105757594108581543e-02
2.113090083003044128e-02
2.166196145117282867e-02
2.071949280798435211e-02
1.953588053584098816e-02
2.095849253237247467e-02
2.020126953721046448e-02
2.196294069290161133e-02
2.145572192966938019e-02
1.959013566374778748e-02
2.132824622094631195e-02
1.964564435184001923e-02
2.040290087461471558e-02
2.170536294579505920e-02
2.066889777779579163e-02
2.146446518599987030e-02
2.070965617895126343e-02
1.920333504676818848e-02
1.966358534991741180e-02
2.003952115774154663e-02
2.097898907959461212e-02
2.080297097563743591e-02
2.285967022180557251e-02
2.025025524199008942e-02
2.265998721122741699e-02
1.731294393539428711e-02
2.132210880517959595e-02
2.243607863783836365e-02
2.442939765751361847e-02
1.932700350880622864e-02
2.308601327240467072e-02
1.820282638072967529e-02
2.278123423457145691e-02
1.997846737504005432e-02
2.455405890941619873e-02
2.097145281732082367e-02
2.475594542920589447e-02
1.977421343326568604e-02
2.213467471301555634e-02
1.765427179634571075e-02
2.423346042633056641e-02
2.212245389819145203e-02
2.389089949429035187e-02
1.876780390739440918e-02
2.601639181375503540e-02
2.026807703077793121e-02
2.306763269007205963e-02
1.964599266648292542e-02
2.134054899215698242e-02
2.186006866395473480e-02
2.093343250453472137e-02
2.092403918504714966e-02
2.208057977259159088e-02
2.109288983047008514e-02
2.162718959152698517e-02
2.121924050152301788e-02
2.174516394734382629e-02
2.011345885694026947e-02
1.817692257463932037e-02
2.065786719322204590e-02
2.144348807632923126e-02
2.042980119585990906e-02
2.038050442934036255e-02
1.904394477605819702e-02
2.002836577594280243e-02
2.090395055711269379e-02
2.016456797719001770e-02
2.049247547984123230e-02
1.976503245532512665e-02
2.033856511116027832e-02
1.937427744269371033e-02
2.008263580501079559e-02
2.160245366394519806e-02
1.926215738058090210e-02
1.976665854454040527e-02
2.034315653145313263e-02
2.016509324312210083e-02
1.754616759717464447e-02
1.996690966188907623e-02
2.069531008601188660e-02
1.971149072051048279e-02
2.094216272234916687e-02
1.821213588118553162e-02
1.920521259307861328e-02
2.044035121798515320e-02
1.985299773514270782e-02
2.125878073275089264e-02
2.025006711483001709e-02
2.055165171623229980e-02
2.062981761991977692e-02
2.105351164937019348e-02
1.897598057985305786e-02
2.029829099774360657e-02
2.002919279038906097e-02
2.162802778184413910e-02
1.915174163877964020e-02
1.655982807278633118e-02
1.885199919342994690e-02
2.070456743240356445e-02
2.064819447696208954e-02
1.934841088950634003e-02
1.815688982605934143e-02
1.864607259631156921e-02
2.076416648924350739e-02
2.104199305176734924e-02
2.132514305412769318e-02
1.754116266965866089e-02
1.929089426994323730e-02
2.089519239962100983e-02
2.052755653858184814e-02
2.078253403306007385e-02
2.084078639745712280e-02
2.138443104922771454e-02
2.079254575073719025e-02
2.017625235021114349e-02
1.871670968830585480e-02
2.175243757665157318e-02
2.051173336803913116e-02
2.235870808362960815e-02
2.293181605637073517e-02
1.801386475563049316e-02
2.180941402912139893e-02
1.959774456918239594e-02
1.918914914131164551e-02
2.133509330451488495e-02
1.921306177973747253e-02
1.931058801710605621e-02
1.696064695715904236e-02
1.893416047096252441e-02
1.760311052203178406e-02
1.929360069334506989e-02
1.848674379289150238e-02
1.985896565020084381e-02
2.000575512647628784e-02
2.168633602559566498e-02
2.028244733810424805e-02
2.015228942036628723e-02
2.057159692049026489e-02
1.854243688285350800e-02
2.373190969228744507e-02
2.078863792121410370e-02
1.781991310417652130e-02
2.006106078624725342e-02
2.042109332978725433e-02
2.135336212813854218e-02
2.013095840811729431e-02
2.123142033815383911e-02
2.058678865432739258e-02
2.098901756107807159e-02
2.068393863737583160e-02
2.085727080702781677e-02
1.690357364714145660e-02
1.786033250391483307e-02
2.156033553183078766e-02
1.936555840075016022e-02
1.872374862432479858e-02
2.033836953341960907e-02
2.006949670612812042e-02
1.930776610970497131e-02
1.955696754157543182e-02
1.987424865365028381e-02
1.893957331776618958e-02
2.476526051759719849e-02
1.787257380783557892e-02
2.008271031081676483e-02
2.185045368969440460e-02
2.354565449059009552e-02
1.840239576995372772e-02
1.865233480930328369e-02
1.967135444283485413e-02
2.080224268138408661e-02
1.951386779546737671e-02
1.948367804288864136e-02
2.011742629110813141e-02
2.123812958598136902e-02
1.983610726892948151e-02
1.952498219907283783e-02
2.043724246323108673e-02
1.991922222077846527e-02
2.078944630920886993e-02
1.972297392785549164e-02
1.950154826045036316e-02
2.016827091574668884e-02
1.906700804829597473e-02
2.219782955944538116e-02
1.920684427022933960e-02
2.012988179922103882e-02
1.868545077741146088e-02
2.120065502822399139e-02
1.938943006098270416e-02
2.382427267730236053e-02
1.998744159936904907e-02
2.057817578315734863e-02
1.820575073361396790e-02
2.527727186679840088e-02
2.010449580848217010e-02
2.011648379266262054e-02
1.990241557359695435e-02
2.409124933183193207e-02
2.397612296044826508e-02
1.915141567587852478e-02
2.159261889755725861e-02
1.935899816453456879e-02
1.918395981192588806e-02
2.017146721482276917e-02
2.060789056122303009e-02
2.012892439961433411e-02
2.153902314603328705e-02
1.759071834385395050e-02
2.070773951709270477e-02
1.879226043820381165e-02
2.013763226568698883e-02
2.066611871123313904e-02
1.878621801733970642e-02
1.896707899868488312e-02
1.914562098681926727e-02
1.641686074435710907e-02
2.093706652522087097e-02
1.728220656514167786e-02
1.990870572626590729e-02
1.983460783958435059e-02
2.025356516242027283e-02
2.048849873244762421e-02
1.939626596868038177e-02
2.048265002667903900e-02
2.082317322492599487e-02
2.017834037542343140e-02
1.939187943935394287e-02
2.013303153216838837e-02
1.868777908384799957e-02
2.054699137806892395e-02
2.039257809519767761e-02
1.748699136078357697e-02
2.249739132821559906e-02
2.184401080012321472e-02
2.163196355104446411e-02
1.949629560112953186e-02
2.104223147034645081e-02
1.907509006559848785e-02
1.862671412527561188e-02
2.010831981897354126e-02
2.362093701958656311e-02
1.868778839707374573e-02
2.112837135791778564e-02
2.342641539871692657e-02
2.228794246912002563e-02
2.415771968662738800e-02
2.092027291655540466e-02
2.332614548504352570e-02
2.019038982689380646e-02
2.042917348444461823e-02
1.903350092470645905e-02
1.882012374699115753e-02
2.503900229930877686e-02
2.290422096848487854e-02
2.428554557263851166e-02
2.315877377986907959e-02
2.227292023599147797e-02
1.969667337834835052e-02
2.188560552895069122e-02
2.262308076024055481e-02
1.884891837835311890e-02
1.800478622317314148e-02
2.459352463483810425e-02
2.025406807661056519e-02
2.492313832044601440e-02
2.139471471309661865e-02
1.924096792936325073e-02
2.123893983662128448e-02
2.507269196212291718e-02
2.315252646803855896e-02
2.128402702510356903e-02
2.155083417892456055e-02
2.175726927816867828e-02
2.089139074087142944e-02
2.069507353007793427e-02
1.887288130819797516e-02
2.251000702381134033e-02
1.802243478596210480e-02
2.257339470088481903e-02
2.049073763191699982e-02
1.971406489610671997e-02
1.993281766772270203e-02
2.273266576230525970e-02
1.794848963618278503e-02
2.058287523686885834e-02
1.936674304306507111e-02
1.825451105833053589e-02
1.886504143476486206e-02
1.985490694642066956e-02
1.977959275245666504e-02
2.086111344397068024e-02
1.856146939098834991e-02
1.868411712348461151e-02
1.857477053999900818e-02
1.948549784719944000e-02
2.108430117368698120e-02
1.727870479226112366e-02
1.707941107451915741e-02
1.843434572219848633e-02
1.868180744349956512e-02
1.883069239556789398e-02
2.054981701076030731e-02
1.910641789436340332e-02
1.932461373507976532e-02
2.077821828424930573e-02
1.844420097768306732e-02
2.075579017400741577e-02
2.054613456130027771e-02
1.981369592249393463e-02
1.790723204612731934e-02
1.962151192128658295e-02
2.022425085306167603e-02
1.847776211798191071e-02
1.833926886320114136e-02
1.859240233898162842e-02
1.939812302589416504e-02
2.044056914746761322e-02
1.782367937266826630e-02
1.830779202282428741e-02
1.980131492018699646e-02
1.963771693408489227e-02
1.952270977199077606e-02
1.952816359698772430e-02
1.851015910506248474e-02
2.092796377837657928e-02
2.012396790087223053e-02
1.991332136094570160e-02
2.051502466201782227e-02
2.032983116805553436e-02
1.869445852935314178e-02
1.927436888217926025e-02
1.979072950780391693e-02
2.315429225564002991e-02
1.771255023777484894e-02
2.438522502779960632e-02
2.181759849190711975e-02
2.387006394565105438e-02
2.011102251708507538e-02
2.094493247568607330e-02
1.855038665235042572e-02
2.197108604013919830e-02
2.223509736359119415e-02
1.872543431818485260e-02
2.276635356247425079e-02
1.823392510414123535e-02
2.088361233472824097e-02
1.930201984941959381e-02
1.809756644070148468e-02
1.764775626361370087e-02
2.167031727731227875e-02
2.151892147958278656e-02
2.083581499755382538e-02
2.028429508209228516e-02
2.134150266647338867e-02
2.246716059744358063e-02
2.059457451105117798e-02
2.026537619531154633e-02
2.055468596518039703e-02
2.059477753937244415e-02
1.956076361238956451e-02
1.890200562775135040e-02
2.090067788958549500e-02
2.083622291684150696e-02
1.906131953001022339e-02
2.080615051090717316e-02
2.076182700693607330e-02
2.141658216714859009e-02
1.912122592329978943e-02
2.067933604121208191e-02
2.286827191710472107e-02
1.884923130273818970e-02
2.176584303379058838e-02
1.807086355984210968e-02
2.424376085400581360e-02
2.032492123544216156e-02
1.952776312828063965e-02
2.015791088342666626e-02
2.373087033629417419e-02
1.889285817742347717e-02
2.750175632536411285e-02
2.089395374059677124e-02
2.636646293103694916e-02
2.266306802630424500e-02
2.034964412450790405e-02
2.027393132448196411e-02
1.882411725819110870e-02
1.907435618340969086e-02
1.929747872054576874e-02
2.097371220588684082e-02
1.900603063404560089e-02
1.872361265122890472e-02
2.007118426263332367e-02
2.219702489674091339e-02
1.961036771535873413e-02
2.261671051383018494e-02
1.835018210113048553e-02
2.362697757780551910e-02
1.756257377564907074e-02
2.045274525880813599e-02
2.026150748133659363e-02
2.235889807343482971e-02
1.684979349374771118e-02
2.111886255443096161e-02
2.061980776488780975e-02
1.847981661558151245e-02
2.087658271193504333e-02
1.809510216116905212e-02
1.920599117875099182e-02
2.017317153513431549e-02
1.940884254872798920e-02
1.991054229438304901e-02
1.846363022923469543e-02
1.771637983620166779e-02
2.164577320218086243e-02
1.878891140222549438e-02
2.104148268699645996e-02
2.241702564060688019e-02
2.262306027114391327e-02
2.072823978960514069e-02
1.995404623448848724e-02
1.918388530611991882e-02
2.307610958814620972e-02
1.877194084227085114e-02
1.991906203329563141e-02
1.960228383541107178e-02
2.012508176267147064e-02
1.976499892771244049e-02
1.905930601060390472e-02
2.071285247802734375e-02
1.809193752706050873e-02
2.237669378519058228e-02
1.856265589594841003e-02
1.939184218645095825e-02
2.086149714887142181e-02
1.710546389222145081e-02
2.138784900307655334e-02
2.148963510990142822e-02
2.070594206452369690e-02
1.826953701674938202e-02
2.093670144677162170e-02
2.385224960744380951e-02
1.699081249535083771e-02
1.930432207882404327e-02
1.796409673988819122e-02
1.982961781322956085e-02
1.718652620911598206e-02
1.850041933357715607e-02
1.906255260109901428e-02
2.070965804159641266e-02
1.916619017720222473e-02
1.960635930299758911e-02
1.749233156442642212e-02
1.980272121727466583e-02
1.876720041036605835e-02
2.016685530543327332e-02
2.027653343975543976e-02
1.986879110336303711e-02
1.922177895903587341e-02
2.361858449876308441e-02
2.035343833267688751e-02
1.899797655642032623e-02
1.876724511384963989e-02
2.106660604476928711e-02
1.719362474977970123e-02
2.159483917057514191e-02
1.898331381380558014e-02
2.199623361229896545e-02
2.004845254123210907e-02
1.920682750642299652e-02
1.956325583159923553e-02
2.337347529828548431e-02
1.795126870274543762e-02
2.023248374462127686e-02
2.020227722823619843e-02
2.058141864836215973e-02
2.119637094438076019e-02
1.952262409031391144e-02
1.838928088545799255e-02
2.213412523269653320e-02
1.991269737482070923e-02
1.987558230757713318e-02
1.842468976974487305e-02
2.258858643472194672e-02
1.985355280339717865e-02
2.055561542510986328e-02
1.997718028724193573e-02
2.247254550457000732e-02
1.932443864643573761e-02
1.823146082460880280e-02
1.875534094870090485e-02
2.004630118608474731e-02
1.772085577249526978e-02
2.139632031321525574e-02
2.014149911701679230e-02
2.312043122947216034e-02
1.984191872179508209e-02
1.735942810773849487e-02
2.022703364491462708e-02
2.237190678715705872e-02
1.765190064907073975e-02
2.151277102530002594e-02
1.991754770278930664e-02
2.429965697228908539e-02
2.025033161044120789e-02
2.069154009222984314e-02
1.834646053612232208e-02
2.022392861545085907e-02
1.957377605140209198e-02
1.717554591596126556e-02
1.983130164444446564e-02
1.972560212016105652e-02
2.046607993543148041e-02
2.282935939729213715e-02
1.982613839209079742e-02
2.025256864726543427e-02
1.854753494262695312e-02
1.937128230929374695e-02
1.892443001270294189e-02
2.445127442479133606e-02
2.219793573021888733e-02
1.919319108128547668e-02
2.574391290545463562e-02
1.896074786782264709e-02
1.819881424307823181e-02
1.923657767474651337e-02
2.347529493272304535e-02
1.835837773978710175e-02
2.088927291333675385e-02
1.991755515336990356e-02
2.095386199653148651e-02
2.033709362149238586e-02
2.014082111418247223e-02
1.898758672177791595e-02
2.234627492725849152e-02
2.055484429001808167e-02
2.071292698383331299e-02
1.987282186746597290e-02
1.875140890479087830e-02
2.363202720880508423e-02
2.111063338816165924e-02
1.975600235164165497e-02
1.937688700854778290e-02
2.061568759381771088e-02
1.947370544075965881e-02
1.983158849179744720e-02
2.100518904626369476e-02
2.094977162778377533e-02
1.836119219660758972e-02
1.906977221369743347e-02
2.025726251304149628e-02
2.225868217647075653e-02
1.918207854032516479e-02
1.914555765688419342e-02
1.941181905567646027e-02
2.212352864444255829e-02
1.945578493177890778e-02
2.114083617925643921e-02
1.900603249669075012e-02
2.553878724575042725e-02
2.016506530344486237e-02
2.123155258595943451e-02
1.787593774497509003e-02
1.803544536232948303e-02
1.782705634832382202e-02
1.892100274562835693e-02
1.558959949761629105e-02
1.963242515921592712e-02
1.696458458900451660e-02
1.918755099177360535e-02
2.156072482466697693e-02
1.958854869008064270e-02
1.748206466436386108e-02
1.856323517858982086e-02
2.392935194075107574e-02
1.815559342503547668e-02
2.008637599647045135e-02
1.901525072753429413e-02
2.062090113759040833e-02
1.926700398325920105e-02
1.958789862692356110e-02
1.953394897282123566e-02
1.850419305264949799e-02
1.981533132493495941e-02
2.079470083117485046e-02
2.104928530752658844e-02
1.895075105130672455e-02
1.991100236773490906e-02
1.755277998745441437e-02
1.956812664866447449e-02
1.721828803420066833e-02
1.912870816886425018e-02
1.958248205482959747e-02
2.040955610573291779e-02
1.901394687592983246e-02
1.974827423691749573e-02
1.993606798350811005e-02
1.832682266831398010e-02
1.946813613176345825e-02
1.918220706284046173e-02
1.947856508195400238e-02
2.061814442276954651e-02
2.303144708275794983e-02
2.121067047119140625e-02
2.031426317989826202e-02
2.016690373420715332e-02
2.338837645947933197e-02
1.915585063397884369e-02
2.039048075675964355e-02
1.792103238403797150e-02
1.919365115463733673e-02
1.998417824506759644e-02
2.010357938706874847e-02
1.937405392527580261e-02
1.898890547454357147e-02
2.097610197961330414e-02
2.016960643231868744e-02
2.000545524060726166e-02
2.098652906715869904e-02
1.958823204040527344e-02
1.663415692746639252e-02
2.075691893696784973e-02
1.933376304805278778e-02
2.055693231523036957e-02
2.124922163784503937e-02
1.934813149273395538e-02
1.904236525297164917e-02
2.078946121037006378e-02
1.847763173282146454e-02
1.901259832084178925e-02
1.977575011551380157e-02
1.944472640752792358e-02
1.861039176583290100e-02
1.835964992642402649e-02
1.924224570393562317e-02
2.101049013435840607e-02
1.966607384383678436e-02
1.827288605272769928e-02
2.153361216187477112e-02
2.115872316062450409e-02
2.086424455046653748e-02
1.991319283843040466e-02
1.812310703098773956e-02
2.006451785564422607e-02
2.045416645705699921e-02
1.951693743467330933e-02
1.893645524978637695e-02
1.871238090097904205e-02
1.751200295984745026e-02
1.958100870251655579e-02
2.131566591560840607e-02
1.811736635863780975e-02
1.960605382919311523e-02
1.981166750192642212e-02
1.771608553826808929e-02
2.288142405450344086e-02
2.085668779909610748e-02
1.991118863224983215e-02
2.002466283738613129e-02
1.914218254387378693e-02
1.913701742887496948e-02
1.943420432507991791e-02
1.818738877773284912e-02
2.629566192626953125e-02
1.964917406439781189e-02
2.241439931094646454e-02
2.108981832861900330e-02
2.173864282667636871e-02
2.003997936844825745e-02
2.171583846211433411e-02
1.739613339304924011e-02
2.568007446825504303e-02
1.883784681558609009e-02
2.045658789575099945e-02
1.661962084472179413e-02
2.227463014423847198e-02
1.962431333959102631e-02
2.069441601634025574e-02
1.765930280089378357e-02
2.109335735440254211e-02
2.096184901893138885e-02
2.012929134070873260e-02
1.988630369305610657e-02
1.985186897218227386e-02
2.058089897036552429e-02
1.952442340552806854e-02
2.119243517518043518e-02
2.017148211598396301e-02
2.023395709693431854e-02
1.808426901698112488e-02
2.086284384131431580e-02
1.847888156771659851e-02
2.011352591216564178e-02
2.044549956917762756e-02
1.963755115866661072e-02
1.873299479484558105e-02
1.981858536601066589e-02
1.677819527685642242e-02
1.991654187440872192e-02
1.901248097419738770e-02
1.856379583477973938e-02
2.086213417351245880e-02
1.805046573281288147e-02
2.154083363711833954e-02
1.921038329601287842e-02
2.056853473186492920e-02
2.035045810043811798e-02
2.077027596533298492e-02
2.044623345136642456e-02
2.414199896156787872e-02
2.076433598995208740e-02
2.196958474814891815e-02
2.057903073728084564e-02
2.424656227231025696e-02
2.098715677857398987e-02
1.999440044164657593e-02
1.917197927832603455e-02
2.029389701783657074e-02
1.722076907753944397e-02
1.952719129621982574e-02
1.834052242338657379e-02
2.067792788147926331e-02
1.896053738892078400e-02
1.969802193343639374e-02
1.893199048936367035e-02
1.961774006485939026e-02
2.121706306934356689e-02
2.028871513903141022e-02
2.027640864253044128e-02
2.112470753490924835e-02
2.037314139306545258e-02
1.999537460505962372e-02
2.176514081656932831e-02
1.897583715617656708e-02
1.793852634727954865e-02
2.107459679245948792e-02
1.950817927718162537e-02
1.806163415312767029e-02
2.041842229664325714e-02
1.986128650605678558e-02
1.940507814288139343e-02
1.836493238806724548e-02
1.964816078543663025e-02
2.086997218430042267e-02
2.126558497548103333e-02
2.093173190951347351e-02
2.234733104705810547e-02
2.065188251435756683e-02
2.108643576502799988e-02
2.026239968836307526e-02
2.013910003006458282e-02
1.771531067788600922e-02
1.931841112673282623e-02
2.033905126154422760e-02
2.145665325224399567e-02
1.840658672153949738e-02
1.939823850989341736e-02
1.783192530274391174e-02
1.811369694769382477e-02
2.031913958489894867e-02
2.095935493707656860e-02
1.881175488233566284e-02
1.754222810268402100e-02
1.871648989617824554e-02
1.803105324506759644e-02
2.255677804350852966e-02
1.999613828957080841e-02
1.744981668889522552e-02
2.028477936983108521e-02
1.910540647804737091e-02
2.166674472391605377e-02
1.968410424888134003e-02
1.951836235821247101e-02
1.757957600057125092e-02
2.080143243074417114e-02
1.744465716183185577e-02
2.022281847894191742e-02
2.026942558586597443e-02
2.200839295983314514e-02
2.097875252366065979e-02
1.871373876929283142e-02
2.041530609130859375e-02
2.311067841947078705e-02
2.302664704620838165e-02
2.002202346920967102e-02
2.178042568266391754e-02
1.904904842376708984e-02
2.076375856995582581e-02
1.760246418416500092e-02
1.924544572830200195e-02
2.235936559736728668e-02
2.243543602526187897e-02
1.955073885619640350e-02
1.825871504843235016e-02
1.682517118752002716e-02
2.102795243263244629e-02
1.991599425673484802e-02
2.057177014648914337e-02
1.829896308481693268e-02
2.289141155779361725e-02
2.241074852645397186e-02
1.767237298190593719e-02
1.859676092863082886e-02
1.782380789518356323e-02
2.067750692367553711e-02
2.019361592829227448e-02
1.914628595113754272e-02
1.743105426430702209e-02
1.952600106596946716e-02
2.029447630047798157e-02
1.825117878615856171e-02
1.870970986783504486e-02
2.131763286888599396e-02
2.036892063915729523e-02
1.941114291548728943e-02
1.726567000150680542e-02
1.955881901085376740e-02
1.932089589536190033e-02
2.031450532376766205e-02
1.755925081670284271e-02
2.226638980209827423e-02
2.020178735256195068e-02
2.023825794458389282e-02
1.818875595927238464e-02
2.056608349084854126e-02
2.016868814826011658e-02
1.839571259915828705e-02
1.991899125277996063e-02
2.178082801401615143e-02
2.138428390026092529e-02
2.115127444267272949e-02
1.996090635657310486e-02
2.064497210085391998e-02
2.229436486959457397e-02
1.978077925741672516e-02
1.857421547174453735e-02
1.865245960652828217e-02
2.055209875106811523e-02
2.103528007864952087e-02
1.930210925638675690e-02
1.978886500000953674e-02
2.094591967761516571e-02
2.129995450377464294e-02
2.009511925280094147e-02
2.183038927614688873e-02
2.052549645304679871e-02
2.135038189589977264e-02
1.927936635911464691e-02
2.123841643333435059e-02
2.020278759300708771e-02
2.327940985560417175e-02
1.961353421211242676e-02
1.924994774162769318e-02
1.964461058378219604e-02
2.129628695547580719e-02
2.249276824295520782e-02
2.068314701318740845e-02
1.993115991353988647e-02
2.325093746185302734e-02
1.912921294569969177e-02
1.998777128756046295e-02
1.889470592141151428e-02
2.159001305699348450e-02
1.969028823077678680e-02
2.119735814630985260e-02
1.922248303890228271e-02
2.002576179802417755e-02
1.806848309934139252e-02
2.276789024472236633e-02
1.861929707229137421e-02
2.433465793728828430e-02
2.022091671824455261e-02
2.172662690281867981e-02
1.804841868579387665e-02
2.240964211523532867e-02
2.164533548057079315e-02
2.143793180584907532e-02
2.021479234099388123e-02
2.344192378222942352e-02
2.027229778468608856e-02
1.967556588351726532e-02
2.015451341867446899e-02
2.152244001626968384e-02
2.116870135068893433e-02
1.746246777474880219e-02
1.969481445848941803e-02
2.416691929101943970e-02
1.952386647462844849e-02
1.964063197374343872e-02
1.905927248299121857e-02
2.235003374516963959e-02
2.011979743838310242e-02
1.855936832726001740e-02
1.793736964464187622e-02
2.008588239550590515e-02
1.974918507039546967e-02
2.054304629564285278e-02
2.182840928435325623e-02
2.149435319006443024e-02
2.115196548402309418e-02
2.128465101122856140e-02
2.099500223994255066e-02
1.995282620191574097e-02
1.941009424626827240e-02
1.917960867285728455e-02
1.875583454966545105e-02
2.004297263920307159e-02
1.854017376899719238e-02
1.698261685669422150e-02
1.881358586251735687e-02
2.100581116974353790e-02
1.915949024260044098e-02
1.951646059751510620e-02
1.985752023756504059e-02
2.147867158055305481e-02
1.893123053014278412e-02
2.032548747956752777e-02
1.816305890679359436e-02
2.261917665600776672e-02
1.887294836342334747e-02
2.114701829850673676e-02
2.058699727058410645e-02
2.533797547221183777e-02
2.073061093688011169e-02
1.853888668119907379e-02
1.839179918169975281e-02
1.846173591911792755e-02
1.916945353150367737e-02
1.984351500868797302e-02
1.894837617874145508e-02
1.960195042192935944e-02
2.209811098873615265e-02
2.147340029478073120e-02
1.674532331526279449e-02
1.776169426739215851e-02
1.867906749248504639e-02
2.044738084077835083e-02
1.907299272716045380e-02
1.934055611491203308e-02
2.006787434220314026e-02
2.098259329795837402e-02
2.142010256648063660e-02
1.839955337345600128e-02
2.160608582198619843e-02
2.114008180797100067e-02
2.642527595162391663e-02
2.242777124047279358e-02
2.168235369026660919e-02
1.985649578273296356e-02
2.314089983701705933e-02
2.173868007957935333e-02
2.056028135120868683e-02
2.052701637148857117e-02
2.123104408383369446e-02
2.277364954352378845e-02
2.064336277544498444e-02
2.175106108188629150e-02
2.233981341123580933e-02
2.734559401869773865e-02
1.868965290486812592e-02
2.124701999127864838e-02
1.996699720621109009e-02
2.451557666063308716e-02
2.266909740865230560e-02
2.094736136496067047e-02
2.469348348677158356e-02
1.827513799071311951e-02
2.921638451516628265e-02
1.756332442164421082e-02
2.588916011154651642e-02
1.978754997253417969e-02
3.000053763389587402e-02
2.115681767463684082e-02
2.503449469804763794e-02
1.832786574959754944e-02
2.121415175497531891e-02
2.448849752545356750e-02
1.959850639104843140e-02
1.912028715014457703e-02
2.016947232186794281e-02
2.164156362414360046e-02
2.283337339758872986e-02
1.831251382827758789e-02
2.249705046415328979e-02
2.202049270272254944e-02
2.975958213210105896e-02
1.976647414267063141e-02
2.348522469401359558e-02
1.949627883732318878e-02
2.174171432852745056e-02
2.132566273212432861e-02
1.766108535230159760e-02
2.070635743439197540e-02
2.028563246130943298e-02
2.096523903310298920e-02
1.964640803635120392e-02
2.044685371220111847e-02
1.893507689237594604e-02
2.021943219006061554e-02
1.930770464241504669e-02
1.836017705500125885e-02
2.002110332250595093e-02
1.813507638871669769e-02
2.073744311928749084e-02
2.020834758877754211e-02
1.779144629836082458e-02
2.029214240610599518e-02
1.941858977079391479e-02
1.867468841373920441e-02
1.783567853271961212e-02
2.034545503556728363e-02
2.074858732521533966e-02
1.984075084328651428e-02
1.930173486471176147e-02
2.308372408151626587e-02
1.828380860388278961e-02
2.031601034104824066e-02
1.961736194789409637e-02
2.070339769124984741e-02
2.067643590271472931e-02
2.081424370408058167e-02
1.926246844232082367e-02
2.461942471563816071e-02
2.126993238925933838e-02
2.135937102138996124e-02
1.996367238461971283e-02
1.944946683943271637e-02
2.372753806412220001e-02
1.873897202312946320e-02
1.750200428068637848e-02
2.000838518142700195e-02
2.191919088363647461e-02
2.067880891263484955e-02
1.832491345703601837e-02
1.856122910976409912e-02
2.210356853902339935e-02
2.061014249920845032e-02
1.915362104773521423e-02
2.021126821637153625e-02
2.042448520660400391e-02
2.179389260709285736e-02
1.882420107722282410e-02
1.894774101674556732e-02
1.919521950185298920e-02
2.272305451333522797e-02
2.082859165966510773e-02
1.857041753828525543e-02
1.934071630239486694e-02
1.994822733104228973e-02
2.026887610554695129e-02
2.355082146823406219e-02
2.011585235595703125e-02
1.971460320055484772e-02
1.974513009190559387e-02
2.204291149973869324e-02
2.439781464636325836e-02
1.844201982021331787e-02
2.217335626482963562e-02
2.204341813921928406e-02
2.502282150089740753e-02
2.031967230141162872e-02
2.052550204098224640e-02
1.850363798439502716e-02
2.166117727756500244e-02
2.098728716373443604e-02
1.909529976546764374e-02
1.763547770678997040e-02
2.141570672392845154e-02
2.176616527140140533e-02
1.923046633601188660e-02
1.968431100249290466e-02
2.042751200497150421e-02
2.164140716195106506e-02
2.413272857666015625e-02
1.990954391658306122e-02
1.814714819192886353e-02
1.940918900072574615e-02
2.256936766207218170e-02
2.340275421738624573e-02
2.104680426418781281e-02
2.086369134485721588e-02
1.852916181087493896e-02
2.389691397547721863e-02
1.949205435812473297e-02
2.049123868346214294e-02
1.909182220697402954e-02
2.150983363389968872e-02
1.970658265054225922e-02
2.009384520351886749e-02
2.106676064431667328e-02
2.119430713355541229e-02
1.959614269435405731e-02
1.853245310485363007e-02
1.890327595174312592e-02
1.742911711335182190e-02
2.386538870632648468e-02
2.031642571091651917e-02
1.981799304485321045e-02
1.990939490497112274e-02
1.991983130574226379e-02
1.739430055022239685e-02
2.092321030795574188e-02
1.913830824196338654e-02
1.857719197869300842e-02
2.086559496819972992e-02
1.938206702470779419e-02
1.897425577044487000e-02
1.772230491042137146e-02
1.995233446359634399e-02
2.200337126851081848e-02
2.215166948735713959e-02
1.899251714348793030e-02
1.848158612847328186e-02
2.108292281627655029e-02
2.249614149332046509e-02
1.886411756277084351e-02
1.972484402358531952e-02
1.722009666264057159e-02
1.983291283249855042e-02
2.032030932605266571e-02
1.929772086441516876e-02
1.956485956907272339e-02
1.969023793935775757e-02
1.895382069051265717e-02
1.917628012597560883e-02
1.906341314315795898e-02
2.101982757449150085e-02
2.008714713156223297e-02
1.951642148196697235e-02
2.130255103111267090e-02
2.345375902950763702e-02
2.091154642403125763e-02
2.249058522284030914e-02
2.092513814568519592e-02
2.103774435818195343e-02
2.173473499715328217e-02
2.108200825750827789e-02
2.137250080704689026e-02
2.008680440485477448e-02
2.023758180439472198e-02
1.955523341894149780e-02
1.997432112693786621e-02
1.970101520419120789e-02
2.238588966429233551e-02
2.192300185561180115e-02
1.938782632350921631e-02
1.906813681125640869e-02
2.080520801246166229e-02
2.013994194567203522e-02
2.217574231326580048e-02
1.910658925771713257e-02
1.960705220699310303e-02
2.094693295657634735e-02
2.328619919717311859e-02
2.317573130130767822e-02
1.841223426163196564e-02
1.870620995759963989e-02
2.071996405720710754e-02
2.110691927373409271e-02
1.914845593273639679e-02
2.082326263189315796e-02
1.970860920846462250e-02
1.911559328436851501e-02
2.004128508269786835e-02
2.202438749372959137e-02
1.989180408418178558e-02
1.875084452331066132e-02
2.111577428877353668e-02
2.091919258236885071e-02
2.052076160907745361e-02
1.798304170370101929e-02
2.047790214419364929e-02
2.006900869309902191e-02
2.573474869132041931e-02
1.985523477196693420e-02
2.199335582554340363e-02
2.141463942825794220e-02
2.385195530951023102e-02
2.214162796735763550e-02
2.073387987911701202e-02
2.300968579947948456e-02
2.049176208674907684e-02
2.155447565019130707e-02
2.089590951800346375e-02
1.917022466659545898e-02
2.069195918738842010e-02
2.293969877064228058e-02
1.945551857352256775e-02
1.949126832187175751e-02
2.007939666509628296e-02
2.332058176398277283e-02
2.062872610986232758e-02
1.818469353020191193e-02
1.707871630787849426e-02
2.129128761589527130e-02
2.125447243452072144e-02
1.937661319971084595e-02
1.924271881580352783e-02
2.017552219331264496e-02
2.362035773694515228e-02
1.804653555154800415e-02
2.171908691525459290e-02
1.953895576298236847e-02
2.783421799540519714e-02
2.237641811370849609e-02
2.151579409837722778e-02
2.060251310467720032e-02
2.138049528002738953e-02
2.324319630861282349e-02
1.933363266289234161e-02
2.143076062202453613e-02
2.077743038535118103e-02
2.226409129798412323e-02
2.210946939885616302e-02
1.821438036859035492e-02
1.931527256965637207e-02
2.059963345527648926e-02
2.445153519511222839e-02
2.206112071871757507e-02
2.030451409518718719e-02
2.082849666476249695e-02
2.333773486316204071e-02
2.188689447939395905e-02
1.995164342224597931e-02
2.060305699706077576e-02
1.896339096128940582e-02
2.344916947185993195e-02
2.278508432209491730e-02
2.015275508165359497e-02
2.168131619691848755e-02
1.798411644995212555e-02
2.286922186613082886e-02
1.921439170837402344e-02
2.047402411699295044e-02
1.859159953892230988e-02
2.005290053784847260e-02
2.023828029632568359e-02
1.962854713201522827e-02
2.035678550601005554e-02
2.089679241180419922e-02
2.461644075810909271e-02
1.971028931438922882e-02
2.132312580943107605e-02
1.931427791714668274e-02
2.272817492485046387e-02
2.332887053489685059e-02
1.945962198078632355e-02
1.928023807704448700e-02
1.962698809802532196e-02
2.833924070000648499e-02
2.078341878950595856e-02
2.253271639347076416e-02
1.976326853036880493e-02
2.215249463915824890e-02
2.006367966532707214e-02
2.010612562298774719e-02
2.088809758424758911e-02
1.988408155739307404e-02
2.150966040790081024e-02
1.984959281980991364e-02
1.905732415616512299e-02
2.083562128245830536e-02
2.226763218641281128e-02
2.318951860070228577e-02
2.157863788306713104e-02
1.945451647043228149e-02
2.237244136631488800e-02
2.255311608314514160e-02
2.015880867838859558e-02
1.874520070850849152e-02
1.804868318140506744e-02
2.090698853135108948e-02
2.302262932062149048e-02
2.261175587773323059e-02
2.081341482698917389e-02
2.048341929912567139e-02
2.163088880479335785e-02
2.191554009914398193e-02
2.091528661549091339e-02
1.997210830450057983e-02
2.003432624042034149e-02
2.046122960746288300e-02
2.017716504633426666e-02
2.072997950017452240e-02
2.341820485889911652e-02
2.215188927948474884e-02
1.997633650898933411e-02
1.921117119491100311e-02
1.887929625809192657e-02
2.011555805802345276e-02
1.859212480485439301e-02
1.877823285758495331e-02
1.896264590322971344e-02
2.061768062412738800e-02
1.972527801990509033e-02
1.912379451096057892e-02
1.905201375484466553e-02
2.068365551531314850e-02
2.231928892433643341e-02
2.191039547324180603e-02
2.102060616016387939e-02
2.097380161285400391e-02
2.246828936040401459e-02
2.331252954900264740e-02
2.117013372480869293e-02
2.143133059144020081e-02
2.248343639075756073e-02
2.163086086511611938e-02
2.184204198420047760e-02
2.066554874181747437e-02
1.781481876969337463e-02
2.106301300227642059e-02
2.195414341986179352e-02
1.877823658287525177e-02
2.231962047517299652e-02
1.900019310414791107e-02
2.000973746180534363e-02
1.810949295759201050e-02
2.055130340158939362e-02
1.827662438154220581e-02
1.835701428353786469e-02
2.021603845059871674e-02
1.881586760282516479e-02
2.051632665097713470e-02
2.055541612207889557e-02
1.959586888551712036e-02
2.244802936911582947e-02
2.188057824969291687e-02
1.960832253098487854e-02
1.954822428524494171e-02
1.944454573094844818e-02
2.181111462414264679e-02
2.361057139933109283e-02
2.239082753658294678e-02
2.033083513379096985e-02
1.903614774346351624e-02
2.116394788026809692e-02
2.360695786774158478e-02
2.092256210744380951e-02
2.185005135834217072e-02
1.981669291853904724e-02
2.301474660634994507e-02
2.450890652835369110e-02
2.134532853960990906e-02
2.092077955603599548e-02
1.912913471460342407e-02
2.596109360456466675e-02
2.391080930829048157e-02
1.962253078818321228e-02
2.214400470256805420e-02
1.806321181356906891e-02
2.228044345974922180e-02
2.211987413465976715e-02
2.046263776719570160e-02
1.925121434032917023e-02
2.090943418443202972e-02
2.218148298561573029e-02
2.119367383420467377e-02
2.142435871064662933e-02
1.899754628539085388e-02
1.944987289607524872e-02
2.034440264105796814e-02
2.066077291965484619e-02
1.884025521576404572e-02
2.144291065633296967e-02
1.721349731087684631e-02
2.086619473993778229e-02
1.937647163867950439e-02
2.180306985974311829e-02
1.959891244769096375e-02
2.084972150623798370e-02
2.093386277556419373e-02
1.927374489605426788e-02
2.029320225119590759e-02
2.008275128901004791e-02
1.980160549283027649e-02
2.085562050342559814e-02
2.132103405892848969e-02
1.906715705990791321e-02
2.105859853327274323e-02
1.870734617114067078e-02
2.032997272908687592e-02
2.214766480028629303e-02
2.409526333212852478e-02
2.144934795796871185e-02
1.978196203708648682e-02
2.064445242285728455e-02
2.090413495898246765e-02
1.950808987021446228e-02
2.207641862332820892e-02
2.070745080709457397e-02
1.853868551552295685e-02
2.068427577614784241e-02
2.089236490428447723e-02
2.375336922705173492e-02
2.345312759280204773e-02
2.201749756932258606e-02
2.009661681950092316e-02
2.021471783518791199e-02
2.144206315279006958e-02
1.913079433143138885e-02
2.057433873414993286e-02
2.183080837130546570e-02
2.173886634409427643e-02
2.156463451683521271e-02
2.143777348101139069e-02
1.949216052889823914e-02
1.909450069069862366e-02
2.004558034241199493e-02
2.122948318719863892e-02
2.127252891659736633e-02
2.125180698931217194e-02
1.926315575838088989e-02
2.205543220043182373e-02
2.323832735419273376e-02
2.091534994542598724e-02
2.092270180583000183e-02
2.028213068842887878e-02
2.202782779932022095e-02
2.234771847724914551e-02
2.126750349998474121e-02
1.815026067197322845e-02
1.779741048812866211e-02
2.045770362019538879e-02
1.922029256820678711e-02
2.097733132541179657e-02
1.952271163463592529e-02
1.972132362425327301e-02
1.810235343873500824e-02
2.239742875099182129e-02
2.178782410919666290e-02
2.089117094874382019e-02
2.126193232834339142e-02
2.067736349999904633e-02
2.257091179490089417e-02
2.185694687068462372e-02
2.306456677615642548e-02
2.020712196826934814e-02
2.167499437928199768e-02
1.776700280606746674e-02
2.063232287764549255e-02
1.911271549761295319e-02
1.973151601850986481e-02
2.119220420718193054e-02
2.041241526603698730e-02
2.039169706404209137e-02
1.922047324478626251e-02
2.202164754271507263e-02
2.171295508742332458e-02
2.223468013107776642e-02
2.163062058389186859e-02
2.095567807555198669e-02
2.441127784550189972e-02
2.173958905041217804e-02
1.955391280353069305e-02
2.082330174744129181e-02
2.160749956965446472e-02
2.178049646317958832e-02
2.087870240211486816e-02
2.085394598543643951e-02
1.993103697896003723e-02
1.927617378532886505e-02
2.241962216794490814e-02
2.061895839869976044e-02
2.095742896199226379e-02
2.082372270524501801e-02
2.414813637733459473e-02
2.149843610823154449e-02
2.009226754307746887e-02
1.850122213363647461e-02
2.010367810726165771e-02
2.221508137881755829e-02
2.180925570428371429e-02
1.881493255496025085e-02
2.258203364908695221e-02
2.427328191697597504e-02
1.984850876033306122e-02
2.072512730956077576e-02
2.073860540986061096e-02
2.209052816033363342e-02
2.142369560897350311e-02
2.274140529334545135e-02
1.981322839856147766e-02
1.966011337935924530e-02
2.070608735084533691e-02
2.117622457444667816e-02
2.078086696565151215e-02
1.951698027551174164e-02
1.965063810348510742e-02
2.024736255407333374e-02
2.092379145324230194e-02
2.169903926551342010e-02
2.099062688648700714e-02
2.011171728372573853e-02
2.043947391211986542e-02
2.499084547162055969e-02
2.147792279720306396e-02
2.084547653794288635e-02
2.179890871047973633e-02
2.506710402667522430e-02
2.195185609161853790e-02
1.964370161294937134e-02
2.046181075274944305e-02
1.792452856898307800e-02
2.176683396100997925e-02
2.094371244311332703e-02
1.731765270233154297e-02
1.920101605355739594e-02
2.057453058660030365e-02
2.261031791567802429e-02
1.950998418033123016e-02
1.840117201209068298e-02
2.135351859033107758e-02
2.169525250792503357e-02
2.296744845807552338e-02
2.186684310436248779e-02
2.186490595340728760e-02
2.359627000987529755e-02
2.501515299081802368e-02
2.454627305269241333e-02
2.042169310152530670e-02
1.859207823872566223e-02
1.946658827364444733e-02
1.847449876368045807e-02
2.384870126843452454e-02
1.892966590821743011e-02
2.206560410559177399e-02
2.015154995024204254e-02
1.906776428222656250e-02
2.029986120760440826e-02
1.975815929472446442e-02
2.045225352048873901e-02
1.932707801461219788e-02
2.045316807925701141e-02
2.146071940660476685e-02
2.113116905093193054e-02
1.983784325420856476e-02
2.069265954196453094e-02
2.120097354054450989e-02
2.355150319635868073e-02
2.400839142501354218e-02
2.274977974593639374e-02
2.021311968564987183e-02
2.096589468419551849e-02
2.365551516413688660e-02
2.175099216401576996e-02
2.219288237392902374e-02
2.064469829201698303e-02
2.282660081982612610e-02
2.101666666567325592e-02
2.080014534294605255e-02
2.157480828464031219e-02
2.204227447509765625e-02
2.310102619230747223e-02
2.106916718184947968e-02
2.004051394760608673e-02
2.048025839030742645e-02
2.071018889546394348e-02
2.019059099256992340e-02
1.880938187241554260e-02
1.826593652367591858e-02
1.932644285261631012e-02
1.886864192783832550e-02
2.189210988581180573e-02
2.147431299090385437e-02
2.216491475701332092e-02
1.997281052172183990e-02
2.181361056864261627e-02
2.130924351513385773e-02
2.276802808046340942e-02
1.940509863197803497e-02
2.032991126179695129e-02
2.153572067618370056e-02
2.152404189109802246e-02
2.022177167236804962e-02
2.103084698319435120e-02
2.125203609466552734e-02
2.102742716670036316e-02
2.215736731886863708e-02
2.154844254255294800e-02
2.013147436082363129e-02
2.017823047935962677e-02
2.198592014610767365e-02
2.342834137380123138e-02
1.844413205981254578e-02
2.129534631967544556e-02
2.091259509325027466e-02
2.137376554310321808e-02
2.572152018547058105e-02
2.366091497242450714e-02
1.929832622408866882e-02
2.070902474224567413e-02
2.264869771897792816e-02
1.981018111109733582e-02
1.995206438004970551e-02
2.124841697514057159e-02
2.213300950825214386e-02
1.829560101032257080e-02
2.046749927103519440e-02
1.871820725500583649e-02
2.032245323061943054e-02
2.142339199781417847e-02
2.412715181708335876e-02
1.972346566617488861e-02
2.026651054620742798e-02
1.941102184355258942e-02
2.011819742619991302e-02
1.767626777291297913e-02
2.048956044018268585e-02
1.790542155504226685e-02
2.056143246591091156e-02
2.006677538156509399e-02
2.123826183378696442e-02
2.399486117064952850e-02
2.226226590573787689e-02
2.159526385366916656e-02
2.331149950623512268e-02
2.243891358375549316e-02
2.264294959604740143e-02
2.301080152392387390e-02
2.317951433360576630e-02
2.086051553487777710e-02
2.230233699083328247e-02
2.077344059944152832e-02
2.077688835561275482e-02
1.884896866977214813e-02
1.979176700115203857e-02
2.297683805227279663e-02
2.054520137608051300e-02
1.918963156640529633e-02
2.036772854626178741e-02
2.127281390130519867e-02
2.273636870086193085e-02
2.235062234103679657e-02
2.025452442467212677e-02
2.027999609708786011e-02
2.331431768834590912e-02
2.331812493503093719e-02
2.162387222051620483e-02
2.149605751037597656e-02
2.063643187284469604e-02
2.141951210796833038e-02
2.024869620800018311e-02
2.117080427706241608e-02
1.858065277338027954e-02
2.176056243479251862e-02
1.874611899256706238e-02
2.136880159378051758e-02
2.020499110221862793e-02
2.033449150621891022e-02
2.311135269701480865e-02
2.217554859817028046e-02
2.007066085934638977e-02
1.947569847106933594e-02
2.090201154351234436e-02
2.026226371526718140e-02
2.299471572041511536e-02
2.206364087760448456e-02
2.100240439176559448e-02
2.239909581840038300e-02
2.178800664842128754e-02
2.315829880535602570e-02
2.354803308844566345e-02
1.888790354132652283e-02
2.053385600447654724e-02
1.852366887032985687e-02
2.370630577206611633e-02
2.149925939738750458e-02
2.197503484785556793e-02
2.167969569563865662e-02
2.076996304094791412e-02
2.213542349636554718e-02
2.190905250608921051e-02
2.174452133476734161e-02
1.811336167156696320e-02
2.006706595420837402e-02
2.419668808579444885e-02
2.312541194260120392e-02
1.998014561831951141e-02
2.122526057064533234e-02
2.084683440625667572e-02
2.275157719850540161e-02
2.089688181877136230e-02
2.119459770619869232e-02
2.247690409421920776e-02
2.388387732207775116e-02
2.608510293066501617e-02
2.271699719130992889e-02
2.111082151532173157e-02
1.832762733101844788e-02
1.980274170637130737e-02
2.342513203620910645e-02
2.210041508078575134e-02
1.988921873271465302e-02
2.141878195106983185e-02
2.163077518343925476e-02
2.135001868009567261e-02
1.912015862762928009e-02
1.909389346837997437e-02
1.809223555028438568e-02
2.189712785184383392e-02
2.125892788171768188e-02
2.108896709978580475e-02
2.074842900037765503e-02
2.015338093042373657e-02
2.068027108907699585e-02
1.849853433668613434e-02
1.869548112154006958e-02
2.123036794364452362e-02
2.295137196779251099e-02
2.082221768796443939e-02
2.022817544639110565e-02
2.101324312388896942e-02
2.133773826062679291e-02
2.164049632847309113e-02
2.199501357972621918e-02
1.959503442049026489e-02
2.339661121368408203e-02
2.399906143546104431e-02
2.129519917070865631e-02
1.990941911935806274e-02
1.999116688966751099e-02
2.140911854803562164e-02
2.160802111029624939e-02
2.160605229437351227e-02
1.980722136795520782e-02
1.995923556387424469e-02
2.154311724007129669e-02
2.050920389592647552e-02
2.027059532701969147e-02
2.009331621229648590e-02
2.181595005095005035e-02
2.150195837020874023e-02
2.118199504911899567e-02
1.969583705067634583e-02
2.213996835052967072e-02
2.107562124729156494e-02
1.820852607488632202e-02
2.255175635218620300e-02
2.227880619466304779e-02
2.402672171592712402e-02
2.180411294102668762e-02
2.206802368164062500e-02
2.194887772202491760e-02
2.295882999897003174e-02
2.626669965684413910e-02
2.307495474815368652e-02
2.035188861191272736e-02
2.252399735152721405e-02
1.919331774115562439e-02
2.501778118312358856e-02
2.181214466691017151e-02
2.067759260535240173e-02
2.089839987456798553e-02
2.147119678556919098e-02
2.426007203757762909e-02
2.062751352787017822e-02
1.944983750581741333e-02
2.021656744182109833e-02
2.219199389219284058e-02
2.095482498407363892e-02
2.016738802194595337e-02
1.976415514945983887e-02
2.127150632441043854e-02
2.286287024617195129e-02
2.248509041965007782e-02
1.904940046370029449e-02
2.379393950104713440e-02
2.170334942638874054e-02
2.508679404854774475e-02
2.306677587330341339e-02
2.172769792377948761e-02
2.081352286040782928e-02
2.083715796470642090e-02
2.131757698953151703e-02
2.085704728960990906e-02
1.806205697357654572e-02
1.907191239297389984e-02
1.949601061642169952e-02
1.995323598384857178e-02
2.193232998251914978e-02
2.123783342540264130e-02
2.444933354854583740e-02
2.311955578625202179e-02
2.121564000844955444e-02
2.098082192242145538e-02
2.046677470207214355e-02
2.152685634791851044e-02
2.033403888344764709e-02
2.000232040882110596e-02
2.047048136591911316e-02
2.072150632739067078e-02
2.155651897192001343e-02
2.233023941516876221e-02
2.176657319068908691e-02
2.192680351436138153e-02
1.987107843160629272e-02
2.273719571530818939e-02
2.206952497363090515e-02
1.834361627697944641e-02
2.065915241837501526e-02
1.998599804937839508e-02
1.897555030882358551e-02
2.130106836557388306e-02
2.389992773532867432e-02
2.140728384256362915e-02
2.189641818404197693e-02
2.093711867928504944e-02
2.142235822975635529e-02
2.026738971471786499e-02
2.571876905858516693e-02
2.262332849204540253e-02
2.163122408092021942e-02
2.152558416128158569e-02
2.236899733543395996e-02
2.067516930401325226e-02
1.969006098806858063e-02
2.078658714890480042e-02
2.150096371769905090e-02
2.041581459343433380e-02
2.169151417911052704e-02
1.919646747410297394e-02
2.162189967930316925e-02
2.197785675525665283e-02
2.183998003602027893e-02
2.016038261353969574e-02
2.138179168105125427e-02
2.264962159097194672e-02
2.268176898360252380e-02
2.137376181781291962e-02
2.058901451528072357e-02
1.923520490527153015e-02
2.339205890893936157e-02
2.146053873002529144e-02
2.250266075134277344e-02
1.873179338872432709e-02
2.040013112127780914e-02
2.137050777673721313e-02
2.242568135261535645e-02
2.276712097227573395e-02
2.088264562189579010e-02
2.143463678658008575e-02
2.057578414678573608e-02
2.290661260485649109e-02
2.045457810163497925e-02
2.345622889697551727e-02
2.153489738702774048e-02
1.967689953744411469e-02
2.031837217509746552e-02
2.056529000401496887e-02
2.179502323269844055e-02
2.087780088186264038e-02
2.134498208761215210e-02
2.100003138184547424e-02
2.156280167400836945e-02
1.981153525412082672e-02
2.346213720738887787e-02
2.175681293010711670e-02
2.213257923722267151e-02
2.192333899438381195e-02
2.294184453785419464e-02
2.172522246837615967e-02
2.231521718204021454e-02
2.168941684067249298e-02
2.237981371581554413e-02
2.194327674806118011e-02
2.181640453636646271e-02
2.162456698715686798e-02
2.071468904614448547e-02
2.161048352718353271e-02
2.516021020710468292e-02
2.057559043169021606e-02
2.176872640848159790e-02
2.014143578708171844e-02
2.134987153112888336e-02
2.470237761735916138e-02
2.159472741186618805e-02
2.111750468611717224e-02
2.017015404999256134e-02
1.892795041203498840e-02
2.235785312950611115e-02
2.260532975196838379e-02
2.172774262726306915e-02
1.839384995400905609e-02
2.137070149183273315e-02
2.056314423680305481e-02
2.051280252635478973e-02
2.058229222893714905e-02
2.217682078480720520e-02
2.169947512447834015e-02
2.162700705230236053e-02
2.081183716654777527e-02
2.233452908694744110e-02
2.140998840332031250e-02
2.237491309642791748e-02
2.268784120678901672e-02
2.110945060849189758e-02
1.980110071599483490e-02
1.953223533928394318e-02
2.127835154533386230e-02
2.456654235720634460e-02
2.185572497546672821e-02
1.929177902638912201e-02
2.057154662907123566e-02
2.090408466756343842e-02
2.371858619153499603e-02
2.181450836360454559e-02
2.022383362054824829e-02
1.877782307565212250e-02
2.229181304574012756e-02
2.032308839261531830e-02
1.860147155821323395e-02
2.266146987676620483e-02
2.105895616114139557e-02
2.353028208017349243e-02
2.191359177231788635e-02
2.440110221505165100e-02
2.299240417778491974e-02
2.218255773186683655e-02
2.162707969546318054e-02
2.132046222686767578e-02
2.194589376449584961e-02
2.364659681916236877e-02
2.301405370235443115e-02
2.106228657066822052e-02
1.906573958694934845e-02
2.003811486065387726e-02
2.110771089792251587e-02
2.202406898140907288e-02
2.014985866844654083e-02
1.996838115155696869e-02
2.002970129251480103e-02
2.188594639301300049e-02
2.240682393312454224e-02
2.208092622458934784e-02
2.121416851878166199e-02
2.064844593405723572e-02
2.153320424258708954e-02
2.162538655102252960e-02
1.978866197168827057e-02
1.979449763894081116e-02
2.200031466782093048e-02
2.209723740816116333e-02
2.528221532702445984e-02
2.232487499713897705e-02
2.264918014407157898e-02
2.203731425106525421e-02
1.968003995716571808e-02
2.378133125603199005e-02
2.121438086032867432e-02
1.803581044077873230e-02
2.106915973126888275e-02
2.137934416532516479e-02
2.181516960263252258e-02
2.078734338283538818e-02
2.134625986218452454e-02
2.189404517412185669e-02
2.183321490883827209e-02
2.386373840272426605e-02
2.334923483431339264e-02
1.958232745528221130e-02
1.900583319365978241e-02
1.970442943274974823e-02
2.397030219435691833e-02
2.487205341458320618e-02
2.056193165481090546e-02
2.210338786244392395e-02
1.976756751537322998e-02
2.243180200457572937e-02
2.212222293019294739e-02
2.014815434813499451e-02
2.048439718782901764e-02
2.393141575157642365e-02
2.073468081653118134e-02
2.343986555933952332e-02
1.878207921981811523e-02
2.089129388332366943e-02
2.137004211544990540e-02
2.314176037907600403e-02
1.987631432712078094e-02
2.090422995388507843e-02
2.124061249196529388e-02
2.059124410152435303e-02
2.154225111007690430e-02
2.099814265966415405e-02
2.192310243844985962e-02
2.064546942710876465e-02
2.469216473400592804e-02
2.088805101811885834e-02
2.285292930901050568e-02
2.336566336452960968e-02
1.975152641534805298e-02
1.852292567491531372e-02
2.003978379070758820e-02
1.981343701481819153e-02
2.278057485818862915e-02
2.348645217716693878e-02
2.100841328501701355e-02
2.151717804372310638e-02
2.100239507853984833e-02
2.455221302807331085e-02
2.411351166665554047e-02
2.182538993656635284e-02
2.301968075335025787e-02
2.144303172826766968e-02
2.491432428359985352e-02
2.306474186480045319e-02
2.050456777215003967e-02
2.026504464447498322e-02
1.955322735011577606e-02
2.133012562990188599e-02
2.230248041450977325e-02
2.083422616124153137e-02
1.979584991931915283e-02
1.932744123041629791e-02
2.171758189797401428e-02
2.078791148960590363e-02
2.061123959720134735e-02
2.038338966667652130e-02
2.066722512245178223e-02
2.281746082007884979e-02
2.147878147661685944e-02
2.239737845957279205e-02
1.937659271061420441e-02
2.060577645897865295e-02
2.154393307864665985e-02
2.173838578164577484e-02
2.282927557826042175e-02
2.254031598567962646e-02
1.888332143425941467e-02
2.201526425778865814e-02
2.261738106608390808e-02
2.123265527188777924e-02
1.935292780399322510e-02
2.203036285936832428e-02
2.116500958800315857e-02
2.357742935419082642e-02
2.412331476807594299e-02
2.158649265766143799e-02
1.948713511228561401e-02
2.114709094166755676e-02
2.334785088896751404e-02
2.485079690814018250e-02
2.205457910895347595e-02
2.149800211191177368e-02
2.065807394683361053e-02
2.043334394693374634e-02
2.193987183272838593e-02
2.130401320755481720e-02
2.041841112077236176e-02
1.837087608873844147e-02
2.187547087669372559e-02
2.276732772588729858e-02
2.250880748033523560e-02
2.168507315218448639e-02
1.980940066277980804e-02
2.000897191464900970e-02
2.231755666434764862e-02
2.301785163581371307e-02
2.091652713716030121e-02
2.163577638566493988e-02
2.226882800459861755e-02
2.226656675338745117e-02
2.479232102632522583e-02
2.270594984292984009e-02
2.078149653971195221e-02
2.144163846969604492e-02
2.357412129640579224e-02
2.370147965848445892e-02
2.079942449927330017e-02
