3.642418289184570312e+01
4.304382705688476562e+01
4.115275192260742188e+01
4.258158111572265625e+01
4.462098693847656250e+01
4.321929931640625000e+01
3.829021453857421875e+01
3.665399932861328125e+01
3.188890457153320312e+01
3.603361129760742188e+01
3.389558792114257812e+01
3.103566169738769531e+01
3.317755126953125000e+01
2.895381164550781250e+01
2.398103141784667969e+01
2.961701965332031250e+01
3.019906997680664062e+01
2.680817031860351562e+01
4.370121383666992188e+01
2.975836563110351562e+01
2.729984283447265625e+01
3.079325485229492188e+01
2.895098114013671875e+01
2.757444000244140625e+01
2.603125572204589844e+01
2.712454986572265625e+01
2.927548980712890625e+01
2.975835037231445312e+01
2.940814590454101562e+01
3.950421142578125000e+01
3.352201080322265625e+01
3.526335525512695312e+01
2.246552085876464844e+01
3.138051223754882812e+01
2.267407989501953125e+01
4.469120407104492188e+01
2.408378410339355469e+01
2.925057029724121094e+01
3.042030715942382812e+01
3.007114028930664062e+01
2.230020904541015625e+01
2.887469482421875000e+01
3.223983383178710938e+01
3.815700531005859375e+01
3.193904685974121094e+01
3.414661407470703125e+01
2.697520446777343750e+01
2.661391067504882812e+01
3.517432785034179688e+01
3.537251281738281250e+01
3.324109268188476562e+01
2.515315246582031250e+01
4.069086456298828125e+01
3.471490097045898438e+01
3.179943847656250000e+01
2.479749107360839844e+01
3.576528930664062500e+01
2.594782638549804688e+01
3.041810417175292969e+01
3.571636962890625000e+01
3.551658630371093750e+01
3.387095260620117188e+01
3.057802581787109375e+01
2.916085815429687500e+01
2.834969329833984375e+01
3.535417938232421875e+01
2.747330093383789062e+01
2.990761566162109375e+01
2.935202026367187500e+01
2.630022621154785156e+01
3.238925552368164062e+01
2.980462265014648438e+01
2.503178024291992188e+01
3.593713378906250000e+01
2.743738555908203125e+01
2.541745376586914062e+01
2.264958190917968750e+01
2.828581619262695312e+01
2.507040023803710938e+01
2.678308105468750000e+01
2.602146148681640625e+01
3.477278137207031250e+01
3.038095092773437500e+01
3.321302032470703125e+01
2.196694183349609375e+01
2.931581115722656250e+01
3.059914588928222656e+01
2.816799926757812500e+01
3.418077468872070312e+01
2.628142929077148438e+01
2.414735794067382812e+01
2.629780006408691406e+01
3.513560104370117188e+01
2.509531784057617188e+01
2.453174400329589844e+01
2.968696594238281250e+01
4.165588378906250000e+01
3.005002403259277344e+01
2.551253700256347656e+01
2.535518264770507812e+01
3.118803024291992188e+01
1.945159912109375000e+01
2.771299934387207031e+01
3.316648101806640625e+01
3.311849975585937500e+01
2.869290351867675781e+01
3.010615348815917969e+01
3.153005218505859375e+01
2.581620597839355469e+01
2.285084533691406250e+01
2.321066474914550781e+01
2.487277793884277344e+01
2.336455917358398438e+01
2.523652267456054688e+01
2.244136047363281250e+01
3.104616165161132812e+01
3.010982894897460938e+01
2.360395050048828125e+01
2.930490684509277344e+01
2.830466842651367188e+01
2.609474754333496094e+01
2.592819213867187500e+01
2.629694747924804688e+01
2.651667404174804688e+01
2.104559326171875000e+01
2.553845787048339844e+01
2.332931709289550781e+01
2.745801162719726562e+01
2.303899002075195312e+01
2.145692253112792969e+01
2.142522048950195312e+01
2.254834365844726562e+01
2.215698623657226562e+01
2.313040924072265625e+01
1.660486793518066406e+01
2.016561889648437500e+01
2.283374023437500000e+01
1.571764278411865234e+01
1.716926002502441406e+01
1.458557510375976562e+01
1.511951446533203125e+01
1.564733886718750000e+01
1.436518001556396484e+01
1.027663230895996094e+01
9.527772903442382812e+00
1.078219509124755859e+01
1.321224212646484375e+01
1.354404067993164062e+01
8.691680908203125000e+00
7.646607398986816406e+00
8.993040084838867188e+00
7.463280677795410156e+00
5.619980812072753906e+00
6.913300514221191406e+00
5.534060955047607422e+00
5.920298576354980469e+00
4.849716186523437500e+00
5.402056694030761719e+00
5.001816272735595703e+00
6.113484382629394531e+00
5.554661750793457031e+00
4.678336143493652344e+00
5.001184463500976562e+00
5.249071121215820312e+00
5.153176307678222656e+00
4.707888603210449219e+00
4.993071556091308594e+00
5.401713848114013672e+00
4.742655754089355469e+00
4.916538238525390625e+00
4.847864151000976562e+00
4.810963153839111328e+00
4.339569568634033203e+00
4.088960647583007812e+00
4.909635543823242188e+00
4.116517066955566406e+00
4.061567306518554688e+00
4.054298400878906250e+00
4.090646743774414062e+00
3.973081588745117188e+00
3.450145721435546875e+00
4.400726318359375000e+00
4.118433952331542969e+00
3.611760616302490234e+00
3.300536870956420898e+00
3.567983150482177734e+00
3.155075073242187500e+00
4.477666854858398438e+00
3.612940788269042969e+00
3.242052793502807617e+00
2.910444736480712891e+00
3.073814392089843750e+00
3.401453495025634766e+00
3.558527946472167969e+00
2.684425830841064453e+00
3.033366680145263672e+00
2.976697683334350586e+00
3.453769683837890625e+00
2.960669994354248047e+00
2.823797225952148438e+00
3.404966592788696289e+00
3.665524005889892578e+00
2.921898841857910156e+00
2.951474428176879883e+00
3.952473163604736328e+00
2.628161430358886719e+00
2.873645305633544922e+00
3.002505779266357422e+00
2.896226882934570312e+00
3.037012100219726562e+00
2.797278881072998047e+00
2.793834209442138672e+00
3.108646392822265625e+00
3.088827133178710938e+00
2.858713626861572266e+00
2.623559474945068359e+00
2.589054107666015625e+00
2.645936012268066406e+00
2.826032638549804688e+00
2.634803771972656250e+00
2.523752689361572266e+00
2.480772972106933594e+00
3.260940790176391602e+00
2.698875188827514648e+00
2.709363937377929688e+00
3.215665817260742188e+00
2.731070995330810547e+00
2.948059797286987305e+00
3.075119018554687500e+00
2.843698024749755859e+00
2.810796737670898438e+00
2.699821710586547852e+00
2.821628570556640625e+00
2.629807472229003906e+00
2.977630853652954102e+00
2.630490779876708984e+00
2.633029460906982422e+00
2.272238254547119141e+00
2.821525573730468750e+00
2.797654628753662109e+00
2.364052772521972656e+00
3.338152885437011719e+00
2.643596649169921875e+00
2.986114501953125000e+00
2.746360778808593750e+00
2.725054264068603516e+00
3.007745265960693359e+00
2.547625064849853516e+00
2.725893259048461914e+00
2.642145633697509766e+00
2.969453334808349609e+00
2.835851669311523438e+00
2.727157592773437500e+00
2.926905155181884766e+00
2.795303821563720703e+00
2.540131092071533203e+00
3.100932359695434570e+00
2.279632568359375000e+00
2.667724370956420898e+00
2.726794004440307617e+00
2.948095798492431641e+00
2.803011894226074219e+00
2.810919523239135742e+00
2.736059904098510742e+00
2.646740913391113281e+00
3.117266178131103516e+00
2.368008613586425781e+00
2.552045106887817383e+00
2.906454563140869141e+00
2.762278556823730469e+00
2.660917282104492188e+00
2.344260215759277344e+00
2.323949813842773438e+00
2.616851329803466797e+00
2.849764108657836914e+00
2.888134479522705078e+00
2.691069602966308594e+00
2.457413673400878906e+00
2.658967733383178711e+00
2.643418788909912109e+00
2.834351539611816406e+00
2.459023475646972656e+00
2.621922016143798828e+00
2.730536699295043945e+00
2.422827243804931641e+00
2.645293712615966797e+00
2.989604949951171875e+00
3.066789627075195312e+00
2.426523208618164062e+00
2.343689441680908203e+00
3.201200962066650391e+00
2.692844867706298828e+00
2.499934434890747070e+00
2.930491924285888672e+00
2.509562015533447266e+00
3.088628292083740234e+00
2.452285051345825195e+00
2.432044982910156250e+00
2.518301010131835938e+00
2.623288154602050781e+00
2.321831941604614258e+00
2.696824550628662109e+00
2.661624431610107422e+00
2.199704408645629883e+00
2.585860013961791992e+00
2.398401975631713867e+00
2.569449901580810547e+00
2.692198753356933594e+00
3.000555515289306641e+00
2.451392173767089844e+00
2.656016349792480469e+00
2.851272106170654297e+00
2.472652912139892578e+00
2.955645799636840820e+00
2.505678415298461914e+00
2.538245677947998047e+00
2.565732002258300781e+00
2.199895858764648438e+00
2.279527664184570312e+00
2.764976024627685547e+00
2.250966548919677734e+00
2.448597431182861328e+00
2.867750167846679688e+00
2.393927574157714844e+00
2.833251476287841797e+00
2.326864004135131836e+00
2.248680591583251953e+00
2.318959474563598633e+00
2.479884624481201172e+00
2.273062229156494141e+00
2.628982067108154297e+00
2.516647338867187500e+00
2.523110628128051758e+00
2.469705581665039062e+00
2.532696723937988281e+00
2.270063877105712891e+00
2.987757205963134766e+00
2.435524463653564453e+00
2.369663238525390625e+00
2.541993379592895508e+00
2.641061544418334961e+00
2.577739715576171875e+00
2.411062717437744141e+00
2.477562427520751953e+00
2.868063211441040039e+00
2.355202913284301758e+00
2.832569360733032227e+00
2.773630857467651367e+00
2.231383323669433594e+00
2.222095966339111328e+00
2.451387643814086914e+00
2.181283235549926758e+00
2.414575576782226562e+00
2.612028121948242188e+00
2.354011297225952148e+00
2.864602804183959961e+00
2.373559713363647461e+00
2.462135076522827148e+00
2.347872018814086914e+00
2.724064350128173828e+00
2.429550170898437500e+00
2.498530387878417969e+00
2.435180664062500000e+00
2.407947540283203125e+00
2.427285671234130859e+00
2.274683952331542969e+00
2.558668136596679688e+00
2.378580093383789062e+00
2.758249282836914062e+00
2.429397106170654297e+00
2.132049083709716797e+00
2.495931625366210938e+00
2.649413824081420898e+00
2.532365798950195312e+00
2.662313222885131836e+00
2.325386047363281250e+00
2.501864671707153320e+00
2.538731813430786133e+00
2.452733516693115234e+00
2.250898838043212891e+00
2.606606245040893555e+00
2.328139305114746094e+00
2.237516880035400391e+00
2.523256063461303711e+00
2.557396888732910156e+00
2.155322313308715820e+00
2.422235012054443359e+00
2.148050069808959961e+00
2.221900463104248047e+00
2.392983198165893555e+00
2.623452663421630859e+00
2.250551223754882812e+00
2.488846778869628906e+00
2.065157651901245117e+00
2.172159194946289062e+00
2.014155626296997070e+00
2.515693664550781250e+00
2.311140775680541992e+00
2.032064914703369141e+00
2.307760000228881836e+00
2.719306945800781250e+00
2.348619699478149414e+00
2.296963691711425781e+00
2.414464712142944336e+00
2.487465620040893555e+00
2.571452379226684570e+00
2.504297733306884766e+00
2.071038246154785156e+00
2.531019210815429688e+00
2.313262224197387695e+00
2.507897377014160156e+00
2.229985713958740234e+00
2.475639343261718750e+00
2.347866296768188477e+00
2.542892456054687500e+00
2.911265373229980469e+00
2.583895683288574219e+00
2.503886222839355469e+00
2.642754077911376953e+00
2.355972766876220703e+00
2.474278688430786133e+00
2.284078836441040039e+00
2.224163055419921875e+00
2.642660379409790039e+00
2.181663990020751953e+00
2.675037145614624023e+00
2.194661617279052734e+00
2.570989608764648438e+00
2.103982448577880859e+00
2.358853340148925781e+00
2.256049633026123047e+00
2.623919010162353516e+00
2.069701671600341797e+00
2.276956558227539062e+00
2.206358671188354492e+00
2.235994815826416016e+00
2.284017562866210938e+00
2.399970054626464844e+00
2.080231666564941406e+00
2.344397544860839844e+00
2.211106300354003906e+00
2.118622064590454102e+00
2.737899303436279297e+00
2.600120544433593750e+00
2.385312080383300781e+00
2.425520896911621094e+00
2.283679008483886719e+00
2.410925149917602539e+00
2.621170520782470703e+00
2.374927759170532227e+00
2.484005689620971680e+00
2.045631170272827148e+00
2.131409406661987305e+00
2.201328516006469727e+00
2.537432670593261719e+00
2.066369771957397461e+00
2.207534790039062500e+00
2.138600111007690430e+00
2.074539184570312500e+00
2.263510465621948242e+00
2.373304367065429688e+00
2.122815370559692383e+00
2.657346248626708984e+00
2.492824792861938477e+00
2.112103223800659180e+00
2.420807361602783203e+00
2.206624507904052734e+00
2.429761886596679688e+00
2.493159055709838867e+00
2.626002311706542969e+00
2.548198699951171875e+00
2.298807144165039062e+00
2.289844274520874023e+00
2.306817531585693359e+00
2.297631025314331055e+00
2.412477493286132812e+00
2.191334009170532227e+00
2.145443439483642578e+00
2.622302055358886719e+00
2.352399110794067383e+00
2.343898773193359375e+00
2.703514099121093750e+00
2.274994850158691406e+00
2.593981742858886719e+00
2.627342224121093750e+00
2.619118213653564453e+00
2.689580917358398438e+00
2.313962221145629883e+00
1.971581935882568359e+00
2.515140771865844727e+00
2.464067459106445312e+00
2.548698186874389648e+00
2.229714632034301758e+00
2.354530334472656250e+00
2.446250438690185547e+00
2.362309455871582031e+00
2.476631641387939453e+00
2.642276287078857422e+00
2.609686851501464844e+00
2.725856304168701172e+00
2.658400058746337891e+00
2.558237075805664062e+00
2.444993019104003906e+00
2.502483844757080078e+00
2.473478794097900391e+00
2.478802204132080078e+00
2.397003173828125000e+00
2.135939836502075195e+00
2.363804340362548828e+00
2.171038866043090820e+00
2.178632736206054688e+00
2.442235231399536133e+00
2.891885519027709961e+00
2.519368171691894531e+00
2.404305219650268555e+00
2.336091995239257812e+00
2.760664463043212891e+00
2.726599693298339844e+00
2.445449113845825195e+00
2.213062047958374023e+00
2.325242996215820312e+00
2.224690437316894531e+00
2.585321187973022461e+00
2.821853876113891602e+00
2.785970211029052734e+00
2.525913476943969727e+00
2.642192840576171875e+00
2.509340047836303711e+00
2.392978906631469727e+00
2.932768821716308594e+00
2.397594451904296875e+00
2.754205942153930664e+00
2.657550096511840820e+00
2.245941162109375000e+00
2.694882392883300781e+00
2.367652416229248047e+00
2.894399166107177734e+00
2.458665132522583008e+00
2.472211599349975586e+00
2.635843753814697266e+00
2.518545150756835938e+00
2.507594585418701172e+00
2.190849304199218750e+00
2.383106708526611328e+00
2.829025983810424805e+00
2.277917146682739258e+00
2.588818550109863281e+00
2.626242160797119141e+00
2.479418516159057617e+00
2.487466096878051758e+00
2.435575962066650391e+00
2.221750020980834961e+00
2.463020563125610352e+00
2.302918910980224609e+00
2.302897453308105469e+00
2.471001148223876953e+00
2.283862113952636719e+00
2.404416084289550781e+00
2.614651679992675781e+00
2.829224586486816406e+00
2.418300628662109375e+00
2.614701747894287109e+00
2.352568626403808594e+00
2.658875226974487305e+00
2.519625663757324219e+00
2.189835309982299805e+00
2.875350475311279297e+00
2.413332462310791016e+00
2.193394899368286133e+00
2.636620283126831055e+00
2.455621480941772461e+00
2.539224147796630859e+00
2.499880075454711914e+00
2.608462810516357422e+00
2.565002918243408203e+00
2.476915121078491211e+00
2.215596437454223633e+00
2.702457666397094727e+00
2.542368888854980469e+00
2.204443454742431641e+00
2.580753803253173828e+00
2.525904178619384766e+00
2.469955921173095703e+00
2.371150255203247070e+00
2.495119094848632812e+00
2.494665622711181641e+00
2.512546539306640625e+00
2.184796810150146484e+00
2.234044551849365234e+00
2.563754081726074219e+00
2.232660293579101562e+00
2.609992504119873047e+00
2.414949655532836914e+00
2.693197727203369141e+00
2.556679248809814453e+00
2.366390943527221680e+00
2.337989568710327148e+00
2.447430610656738281e+00
2.452793121337890625e+00
2.279464721679687500e+00
2.423547744750976562e+00
2.154474258422851562e+00
2.529174804687500000e+00
2.449520587921142578e+00
2.364847660064697266e+00
2.329357624053955078e+00
2.231688499450683594e+00
2.312975168228149414e+00
2.264030456542968750e+00
2.109717845916748047e+00
2.490301609039306641e+00
2.472448825836181641e+00
2.367211580276489258e+00
2.824960708618164062e+00
2.609725475311279297e+00
2.648725509643554688e+00
2.502276897430419922e+00
2.762095928192138672e+00
2.564876079559326172e+00
2.714054107666015625e+00
2.288482666015625000e+00
2.372730731964111328e+00
2.528820514678955078e+00
2.929497241973876953e+00
2.386081695556640625e+00
2.443577051162719727e+00
2.443907260894775391e+00
2.486001253128051758e+00
2.463629484176635742e+00
2.421427965164184570e+00
2.271704196929931641e+00
2.338233470916748047e+00
2.502871990203857422e+00
2.835039377212524414e+00
2.481342554092407227e+00
2.063737392425537109e+00
2.105481863021850586e+00
2.723387718200683594e+00
2.821278333663940430e+00
2.254506826400756836e+00
2.593260765075683594e+00
2.584294795989990234e+00
2.217148780822753906e+00
2.266213417053222656e+00
2.626116037368774414e+00
2.313585042953491211e+00
2.617722034454345703e+00
2.432287693023681641e+00
2.273906469345092773e+00
2.532448768615722656e+00
2.370471000671386719e+00
2.147537231445312500e+00
2.694418191909790039e+00
2.515921354293823242e+00
2.249582529067993164e+00
2.594366073608398438e+00
2.488471984863281250e+00
2.514806270599365234e+00
2.208371400833129883e+00
2.179209232330322266e+00
2.624017477035522461e+00
2.461817264556884766e+00
2.161240577697753906e+00
2.435897111892700195e+00
2.326323986053466797e+00
2.494858741760253906e+00
2.584083318710327148e+00
2.327068090438842773e+00
2.465704917907714844e+00
2.392810821533203125e+00
2.513009071350097656e+00
2.279019832611083984e+00
2.263374328613281250e+00
2.311721801757812500e+00
2.126394271850585938e+00
2.416719436645507812e+00
2.440918684005737305e+00
2.086597919464111328e+00
2.043127298355102539e+00
2.320330619812011719e+00
3.179592370986938477e+00
2.463498830795288086e+00
2.688949108123779297e+00
2.585895299911499023e+00
2.669639587402343750e+00
2.369858026504516602e+00
2.593256711959838867e+00
2.692368507385253906e+00
2.517683506011962891e+00
2.243334293365478516e+00
2.061666250228881836e+00
2.354391574859619141e+00
2.742504119873046875e+00
2.545186042785644531e+00
2.339746236801147461e+00
2.813700199127197266e+00
2.652943134307861328e+00
2.399794101715087891e+00
1.981133103370666504e+00
2.102077960968017578e+00
2.380139827728271484e+00
2.392452716827392578e+00
2.501411914825439453e+00
2.378200531005859375e+00
2.665039062500000000e+00
2.346890449523925781e+00
2.260371685028076172e+00
2.583927631378173828e+00
2.468971729278564453e+00
2.195997476577758789e+00
2.381933212280273438e+00
2.150476455688476562e+00
2.193559885025024414e+00
2.136633396148681641e+00
2.329917907714843750e+00
2.161643981933593750e+00
2.239728450775146484e+00
2.138475418090820312e+00
2.065783977508544922e+00
2.116049289703369141e+00
2.246592044830322266e+00
2.410444259643554688e+00
2.118236064910888672e+00
2.685320377349853516e+00
2.534827232360839844e+00
2.145239830017089844e+00
2.338821411132812500e+00
1.959887981414794922e+00
2.052212238311767578e+00
2.240182876586914062e+00
2.420639753341674805e+00
2.452816963195800781e+00
2.106240987777709961e+00
2.621594429016113281e+00
2.135946989059448242e+00
2.128307342529296875e+00
2.131422042846679688e+00
2.279399394989013672e+00
2.413027763366699219e+00
2.083852767944335938e+00
2.364200592041015625e+00
2.543149948120117188e+00
2.521325588226318359e+00
2.272133827209472656e+00
2.508085012435913086e+00
2.408922910690307617e+00
2.182037353515625000e+00
2.619416475296020508e+00
2.351271629333496094e+00
2.595685958862304688e+00
2.318076372146606445e+00
2.402737379074096680e+00
2.062893867492675781e+00
2.231563568115234375e+00
2.221627950668334961e+00
2.178722620010375977e+00
2.264313459396362305e+00
2.480546474456787109e+00
2.079808950424194336e+00
2.266472578048706055e+00
2.468536138534545898e+00
1.917219400405883789e+00
1.965195894241333008e+00
2.323086738586425781e+00
2.386939048767089844e+00
2.307938575744628906e+00
2.389105796813964844e+00
2.225655078887939453e+00
2.145146846771240234e+00
2.266496658325195312e+00
2.362917184829711914e+00
2.106072425842285156e+00
2.227127552032470703e+00
2.070712804794311523e+00
2.403278827667236328e+00
2.036384105682373047e+00
2.333953380584716797e+00
2.064403533935546875e+00
2.666370391845703125e+00
2.369890689849853516e+00
2.304939270019531250e+00
2.310925245285034180e+00
2.066752672195434570e+00
2.105709075927734375e+00
2.346360683441162109e+00
2.250285387039184570e+00
2.354938507080078125e+00
2.221456527709960938e+00
2.329967021942138672e+00
1.966748118400573730e+00
2.237554073333740234e+00
1.959025382995605469e+00
2.736054897308349609e+00
1.999204993247985840e+00
2.380802154541015625e+00
2.349251747131347656e+00
2.133903980255126953e+00
2.396784305572509766e+00
2.485994815826416016e+00
2.507087707519531250e+00
2.310115814208984375e+00
2.192223548889160156e+00
2.365097045898437500e+00
2.291851043701171875e+00
2.331389904022216797e+00
2.156469583511352539e+00
2.181359767913818359e+00
2.199905395507812500e+00
2.185268402099609375e+00
2.347324371337890625e+00
2.343792676925659180e+00
2.131937503814697266e+00
2.267401218414306641e+00
2.220266103744506836e+00
2.628204822540283203e+00
2.694655895233154297e+00
2.166308641433715820e+00
2.178508758544921875e+00
2.399043560028076172e+00
2.458139181137084961e+00
2.443110466003417969e+00
2.432776927947998047e+00
2.653520107269287109e+00
2.017256736755371094e+00
2.257208585739135742e+00
2.033733844757080078e+00
2.647698402404785156e+00
2.337532043457031250e+00
2.156411886215209961e+00
2.060992240905761719e+00
2.322452783584594727e+00
2.438111782073974609e+00
2.076545000076293945e+00
2.371793985366821289e+00
2.269862174987792969e+00
2.084304332733154297e+00
2.284551620483398438e+00
2.458396434783935547e+00
1.972689509391784668e+00
2.200291156768798828e+00
2.247241497039794922e+00
2.171267509460449219e+00
2.449904203414916992e+00
1.944848895072937012e+00
2.252619981765747070e+00
2.291970252990722656e+00
2.346618890762329102e+00
2.590764045715332031e+00
2.463306188583374023e+00
2.582529544830322266e+00
2.150077819824218750e+00
2.167175531387329102e+00
2.776831626892089844e+00
2.454727649688720703e+00
2.288755178451538086e+00
2.017796039581298828e+00
2.393667221069335938e+00
1.925612568855285645e+00
2.257529258728027344e+00
2.024273872375488281e+00
2.151661872863769531e+00
2.402441740036010742e+00
2.013628959655761719e+00
2.278851032257080078e+00
2.286662817001342773e+00
2.185334920883178711e+00
2.296099185943603516e+00
2.157839298248291016e+00
2.051573991775512695e+00
2.305128574371337891e+00
2.010771274566650391e+00
2.009491443634033203e+00
2.202587604522705078e+00
2.016479253768920898e+00
2.126298904418945312e+00
1.973091840744018555e+00
2.117093563079833984e+00
2.121562480926513672e+00
2.574148178100585938e+00
2.376402378082275391e+00
2.407293319702148438e+00
2.226644992828369141e+00
2.469965934753417969e+00
2.389678478240966797e+00
1.936723232269287109e+00
2.175945043563842773e+00
2.328799724578857422e+00
2.118439912796020508e+00
1.999650716781616211e+00
2.425651550292968750e+00
2.127799034118652344e+00
2.398725748062133789e+00
2.290794372558593750e+00
2.292240619659423828e+00
2.101479053497314453e+00
2.102703094482421875e+00
2.331534862518310547e+00
1.961073637008666992e+00
2.069207191467285156e+00
2.239955902099609375e+00
2.102046489715576172e+00
2.020353555679321289e+00
2.293632507324218750e+00
1.853417038917541504e+00
2.243035554885864258e+00
2.358018159866333008e+00
2.224357128143310547e+00
2.249641895294189453e+00
2.131942510604858398e+00
2.304903268814086914e+00
2.174157142639160156e+00
1.993468523025512695e+00
2.339998722076416016e+00
2.183970928192138672e+00
2.285417795181274414e+00
2.252767801284790039e+00
2.095937013626098633e+00
2.197883605957031250e+00
2.192308425903320312e+00
2.102020025253295898e+00
2.089885711669921875e+00
2.096136331558227539e+00
2.474357128143310547e+00
1.905267000198364258e+00
2.474857330322265625e+00
2.122553348541259766e+00
2.320355892181396484e+00
2.121193647384643555e+00
2.003984928131103516e+00
2.430954933166503906e+00
2.206087350845336914e+00
2.171615600585937500e+00
2.328346014022827148e+00
1.989059925079345703e+00
2.201170444488525391e+00
2.569558858871459961e+00
2.098515272140502930e+00
2.371268272399902344e+00
2.065074205398559570e+00
2.411710262298583984e+00
2.187035083770751953e+00
2.142851829528808594e+00
2.187418699264526367e+00
2.085651874542236328e+00
2.187725782394409180e+00
2.310653209686279297e+00
2.105242729187011719e+00
2.444650411605834961e+00
2.255129098892211914e+00
2.362372159957885742e+00
2.110679149627685547e+00
2.296815395355224609e+00
2.152939319610595703e+00
2.524997949600219727e+00
2.425641059875488281e+00
2.306102037429809570e+00
1.863924145698547363e+00
1.931498765945434570e+00
2.412449121475219727e+00
2.044018268585205078e+00
2.340088367462158203e+00
2.217459201812744141e+00
2.134945154190063477e+00
2.352975845336914062e+00
2.357496261596679688e+00
2.250824451446533203e+00
2.204360246658325195e+00
2.145552158355712891e+00
2.501212596893310547e+00
1.942855358123779297e+00
2.198396205902099609e+00
2.100747823715209961e+00
2.283646106719970703e+00
2.191992282867431641e+00
2.345365762710571289e+00
2.179205417633056641e+00
2.220513105392456055e+00
2.132092952728271484e+00
2.159081459045410156e+00
2.179193973541259766e+00
2.281942367553710938e+00
2.369637966156005859e+00
2.309578418731689453e+00
2.201866149902343750e+00
2.153297424316406250e+00
1.930289506912231445e+00
2.292936801910400391e+00
2.197643995285034180e+00
2.493161678314208984e+00
2.340944051742553711e+00
2.230566024780273438e+00
2.207165479660034180e+00
2.145164966583251953e+00
2.258382797241210938e+00
1.963766098022460938e+00
2.138750791549682617e+00
2.067683219909667969e+00
2.292346954345703125e+00
2.357597827911376953e+00
2.431384086608886719e+00
2.274636745452880859e+00
2.297068357467651367e+00
2.112124204635620117e+00
2.264820098876953125e+00
1.988449573516845703e+00
2.066047191619873047e+00
2.229281187057495117e+00
2.080589771270751953e+00
2.514662027359008789e+00
1.915886163711547852e+00
2.132108211517333984e+00
2.024813413619995117e+00
2.129936218261718750e+00
2.367168664932250977e+00
2.055765628814697266e+00
2.316423416137695312e+00
1.846694946289062500e+00
2.447311878204345703e+00
2.317894935607910156e+00
2.129832744598388672e+00
2.195343971252441406e+00
2.342480659484863281e+00
2.072705268859863281e+00
1.963191390037536621e+00
2.057704925537109375e+00
2.416090488433837891e+00
2.017815113067626953e+00
2.140746593475341797e+00
2.243042945861816406e+00
2.436713218688964844e+00
2.162916660308837891e+00
2.219602108001708984e+00
2.264795780181884766e+00
2.074164390563964844e+00
1.934948205947875977e+00
2.312825202941894531e+00
2.281072616577148438e+00
2.206957101821899414e+00
2.255645751953125000e+00
2.087861776351928711e+00
2.033633947372436523e+00
2.178566932678222656e+00
2.125509023666381836e+00
2.310923814773559570e+00
2.399088859558105469e+00
2.222184419631958008e+00
2.105776309967041016e+00
2.472244739532470703e+00
2.245715618133544922e+00
2.187347888946533203e+00
2.855066537857055664e+00
2.196572780609130859e+00
1.880434274673461914e+00
2.271225214004516602e+00
2.116110563278198242e+00
2.201262474060058594e+00
2.067244768142700195e+00
2.127402305603027344e+00
2.344324827194213867e+00
2.500837326049804688e+00
2.331453800201416016e+00
2.307159900665283203e+00
2.042037487030029297e+00
2.175701141357421875e+00
2.390661954879760742e+00
2.052195549011230469e+00
2.405825376510620117e+00
2.388645172119140625e+00
2.113888263702392578e+00
2.250541687011718750e+00
2.289402961730957031e+00
2.261732101440429688e+00
2.300172328948974609e+00
2.497294902801513672e+00
1.953279495239257812e+00
2.427253246307373047e+00
2.221903324127197266e+00
2.287213802337646484e+00
2.111480474472045898e+00
2.052225112915039062e+00
2.266566514968872070e+00
2.441288471221923828e+00
2.101146221160888672e+00
2.523271560668945312e+00
2.079501628875732422e+00
2.268690586090087891e+00
1.876293778419494629e+00
2.600057125091552734e+00
2.045547485351562500e+00
2.512915134429931641e+00
2.347511291503906250e+00
2.438781738281250000e+00
2.044590950012207031e+00
2.140199184417724609e+00
2.084730386734008789e+00
2.100270748138427734e+00
2.279424190521240234e+00
2.499828815460205078e+00
2.084759950637817383e+00
2.407710790634155273e+00
2.118058681488037109e+00
2.192557334899902344e+00
2.296979427337646484e+00
2.070176124572753906e+00
2.192029476165771484e+00
2.373836517333984375e+00
2.318863868713378906e+00
2.000688791275024414e+00
2.045554876327514648e+00
2.168547153472900391e+00
2.141630649566650391e+00
2.350291728973388672e+00
2.278311252593994141e+00
2.173783540725708008e+00
2.301044702529907227e+00
2.231284141540527344e+00
1.990206003189086914e+00
2.123359203338623047e+00
2.139454841613769531e+00
2.126643896102905273e+00
2.127998828887939453e+00
2.223429441452026367e+00
2.396785497665405273e+00
2.005312442779541016e+00
2.012786388397216797e+00
2.295219898223876953e+00
2.283155202865600586e+00
2.320035696029663086e+00
2.102459907531738281e+00
1.980454206466674805e+00
2.118229150772094727e+00
2.114522457122802734e+00
2.402328014373779297e+00
2.355163574218750000e+00
2.415533542633056641e+00
2.138603210449218750e+00
2.192084789276123047e+00
2.059699773788452148e+00
2.257997512817382812e+00
1.947231531143188477e+00
2.203215122222900391e+00
2.353384494781494141e+00
2.677812099456787109e+00
2.006725788116455078e+00
2.247818470001220703e+00
2.260344982147216797e+00
2.204670906066894531e+00
2.178683042526245117e+00
1.971508026123046875e+00
2.049297332763671875e+00
2.117632865905761719e+00
2.107824087142944336e+00
2.057544231414794922e+00
2.320075035095214844e+00
2.160919904708862305e+00
2.060051441192626953e+00
2.349259614944458008e+00
2.560599803924560547e+00
2.150420904159545898e+00
2.374207973480224609e+00
2.089945793151855469e+00
2.148695707321166992e+00
2.960946559906005859e+00
2.346319198608398438e+00
2.196930408477783203e+00
1.879139661788940430e+00
2.119573116302490234e+00
2.161841392517089844e+00
2.210314750671386719e+00
2.276518344879150391e+00
2.256277561187744141e+00
2.301427364349365234e+00
2.200130462646484375e+00
1.939393281936645508e+00
2.025894641876220703e+00
2.035138130187988281e+00
2.282937049865722656e+00
2.180178642272949219e+00
2.057195425033569336e+00
2.151455163955688477e+00
2.397033214569091797e+00
2.503186941146850586e+00
2.035177707672119141e+00
2.421921253204345703e+00
2.043183565139770508e+00
2.033100128173828125e+00
2.434307575225830078e+00
1.971464157104492188e+00
2.409630298614501953e+00
2.127800941467285156e+00
2.357346296310424805e+00
1.987107992172241211e+00
2.234977006912231445e+00
2.693142890930175781e+00
2.144906997680664062e+00
2.236913204193115234e+00
2.026337862014770508e+00
2.054600715637207031e+00
2.035993099212646484e+00
1.998971462249755859e+00
2.332131862640380859e+00
2.115129470825195312e+00
2.135420799255371094e+00
1.890519857406616211e+00
2.182209968566894531e+00
2.295691490173339844e+00
1.946385383605957031e+00
1.960851669311523438e+00
2.420840263366699219e+00
2.221563816070556641e+00
1.940970659255981445e+00
2.114256143569946289e+00
2.131643772125244141e+00
2.026968955993652344e+00
2.148624897003173828e+00
1.781597852706909180e+00
2.088480710983276367e+00
2.130949974060058594e+00
2.405395030975341797e+00
2.140580654144287109e+00
2.199550628662109375e+00
2.171338081359863281e+00
2.097156524658203125e+00
2.240211725234985352e+00
2.390008926391601562e+00
2.011900663375854492e+00
2.235404253005981445e+00
2.173347473144531250e+00
2.385216236114501953e+00
2.358711481094360352e+00
2.101670980453491211e+00
2.324787616729736328e+00
2.080695867538452148e+00
2.043754577636718750e+00
1.981209754943847656e+00
2.254631042480468750e+00
2.244776487350463867e+00
2.177056789398193359e+00
2.102202415466308594e+00
2.070165157318115234e+00
2.428940057754516602e+00
2.178117752075195312e+00
2.380295753479003906e+00
2.224759817123413086e+00
2.149940490722656250e+00
2.428384542465209961e+00
2.170926094055175781e+00
2.141287326812744141e+00
2.158822298049926758e+00
1.943539023399353027e+00
2.177338123321533203e+00
2.049564838409423828e+00
2.112340927124023438e+00
2.137581586837768555e+00
2.122563838958740234e+00
2.232497215270996094e+00
1.872908830642700195e+00
2.151797056198120117e+00
2.228058815002441406e+00
2.221244573593139648e+00
2.095375061035156250e+00
2.244177341461181641e+00
2.177332401275634766e+00
2.055973768234252930e+00
2.186044216156005859e+00
2.128115177154541016e+00
2.379709005355834961e+00
2.147763967514038086e+00
2.213092803955078125e+00
1.806582093238830566e+00
2.245194435119628906e+00
2.390645980834960938e+00
2.375620365142822266e+00
1.922177433967590332e+00
1.911759257316589355e+00
1.961118817329406738e+00
2.074472427368164062e+00
2.109793424606323242e+00
2.167276382446289062e+00
2.072952032089233398e+00
2.260797023773193359e+00
2.099103927612304688e+00
2.143931388854980469e+00
2.015044689178466797e+00
1.877744674682617188e+00
1.965605497360229492e+00
2.157603502273559570e+00
1.951293945312500000e+00
2.176127433776855469e+00
2.085081100463867188e+00
2.156117916107177734e+00
2.085440635681152344e+00
2.290749788284301758e+00
2.351858854293823242e+00
1.841848731040954590e+00
2.247923374176025391e+00
2.014415740966796875e+00
2.161165714263916016e+00
2.027313709259033203e+00
2.307776451110839844e+00
2.049084424972534180e+00
2.188724040985107422e+00
2.117879629135131836e+00
2.077606201171875000e+00
2.225078105926513672e+00
2.031613349914550781e+00
1.902572512626647949e+00
2.421198844909667969e+00
2.169057607650756836e+00
2.309346914291381836e+00
1.956337571144104004e+00
2.220236778259277344e+00
2.183895587921142578e+00
2.035672903060913086e+00
2.077134132385253906e+00
2.087788343429565430e+00
2.022480487823486328e+00
2.326814174652099609e+00
2.107124805450439453e+00
1.865208029747009277e+00
2.119484901428222656e+00
1.976825952529907227e+00
2.184551715850830078e+00
2.158504962921142578e+00
1.897341847419738770e+00
1.905173063278198242e+00
2.296442985534667969e+00
2.404198169708251953e+00
2.299703121185302734e+00
2.066355466842651367e+00
2.381153106689453125e+00
1.952283143997192383e+00
2.128611087799072266e+00
2.191420316696166992e+00
1.947962641716003418e+00
2.064781188964843750e+00
1.856342792510986328e+00
1.929508924484252930e+00
2.200373411178588867e+00
2.111692190170288086e+00
1.921441793441772461e+00
2.200222253799438477e+00
2.367930412292480469e+00
2.121888637542724609e+00
1.885990977287292480e+00
2.215965509414672852e+00
2.411885738372802734e+00
2.112160682678222656e+00
1.902318120002746582e+00
2.629919052124023438e+00
1.952716350555419922e+00
1.998590826988220215e+00
2.445057392120361328e+00
1.999509811401367188e+00
2.363784790039062500e+00
2.448080539703369141e+00
2.226758956909179688e+00
2.037079095840454102e+00
2.258943080902099609e+00
2.026534795761108398e+00
2.159783840179443359e+00
2.110171318054199219e+00
2.455956459045410156e+00
1.922282457351684570e+00
2.334768295288085938e+00
1.953544616699218750e+00
1.976613163948059082e+00
1.731524109840393066e+00
1.822434902191162109e+00
2.169204235076904297e+00
2.340214729309082031e+00
1.960648298263549805e+00
2.369160175323486328e+00
1.966464042663574219e+00
2.261013507843017578e+00
2.279652595520019531e+00
1.995316267013549805e+00
2.066903829574584961e+00
1.868541836738586426e+00
2.144958496093750000e+00
2.099173069000244141e+00
2.108659267425537109e+00
2.456205844879150391e+00
1.954518437385559082e+00
2.176832675933837891e+00
2.337077617645263672e+00
2.307351827621459961e+00
2.115356445312500000e+00
2.087716817855834961e+00
2.214049100875854492e+00
2.026178121566772461e+00
2.255683422088623047e+00
1.904601573944091797e+00
1.887291550636291504e+00
2.176520824432373047e+00
2.246923208236694336e+00
2.771427631378173828e+00
2.039015293121337891e+00
2.048398971557617188e+00
2.297234296798706055e+00
2.037629365921020508e+00
2.142501831054687500e+00
2.111198186874389648e+00
2.289118766784667969e+00
2.273571968078613281e+00
2.237008094787597656e+00
2.309776067733764648e+00
2.043783903121948242e+00
2.182907104492187500e+00
2.304623603820800781e+00
2.132305383682250977e+00
1.987082123756408691e+00
2.223397254943847656e+00
2.042617321014404297e+00
2.201782703399658203e+00
2.140803098678588867e+00
2.094203948974609375e+00
2.286300659179687500e+00
2.170866489410400391e+00
2.137221574783325195e+00
2.433848381042480469e+00
2.143443584442138672e+00
2.230835437774658203e+00
2.092860221862792969e+00
2.539252281188964844e+00
2.343938827514648438e+00
2.176949262619018555e+00
2.154561042785644531e+00
2.230275630950927734e+00
1.929037928581237793e+00
2.205332279205322266e+00
1.929894685745239258e+00
2.312807083129882812e+00
2.165456295013427734e+00
1.968653440475463867e+00
2.229279518127441406e+00
1.757711410522460938e+00
2.203934907913208008e+00
1.983116149902343750e+00
2.037748813629150391e+00
2.118237018585205078e+00
1.991667270660400391e+00
2.292504549026489258e+00
2.142536640167236328e+00
1.987723827362060547e+00
2.011558771133422852e+00
2.301383972167968750e+00
1.753046751022338867e+00
2.331074953079223633e+00
2.199048995971679688e+00
2.220993041992187500e+00
2.135766506195068359e+00
2.095754384994506836e+00
1.800642848014831543e+00
2.115955829620361328e+00
2.367666482925415039e+00
2.124179601669311523e+00
2.171235799789428711e+00
2.388856649398803711e+00
2.102021694183349609e+00
2.048947334289550781e+00
1.983707427978515625e+00
1.880679965019226074e+00
2.165545463562011719e+00
2.154255151748657227e+00
1.934600353240966797e+00
2.380369186401367188e+00
2.058313369750976562e+00
2.101135730743408203e+00
2.402517795562744141e+00
2.389219522476196289e+00
2.165135383605957031e+00
2.367790222167968750e+00
2.212406158447265625e+00
1.902201890945434570e+00
2.300997972488403320e+00
2.213815927505493164e+00
2.036083698272705078e+00
2.127521514892578125e+00
2.122184753417968750e+00
2.473463535308837891e+00
2.236266613006591797e+00
1.938304901123046875e+00
2.101030826568603516e+00
2.436508655548095703e+00
2.050410747528076172e+00
2.201321125030517578e+00
1.840152740478515625e+00
2.100385665893554688e+00
2.261952638626098633e+00
2.174608230590820312e+00
2.210204601287841797e+00
2.107816457748413086e+00
2.092354297637939453e+00
2.303692817687988281e+00
2.121750831604003906e+00
2.016875505447387695e+00
1.833672761917114258e+00
2.086883544921875000e+00
2.102384090423583984e+00
2.198534011840820312e+00
2.092650413513183594e+00
2.293899536132812500e+00
1.951378941535949707e+00
2.065772056579589844e+00
2.285245180130004883e+00
2.174136638641357422e+00
2.083561420440673828e+00
1.981570959091186523e+00
1.932029962539672852e+00
1.980386495590209961e+00
2.156764507293701172e+00
2.150492668151855469e+00
2.149447441101074219e+00
2.320545196533203125e+00
1.816394209861755371e+00
1.961653828620910645e+00
2.073760747909545898e+00
2.073802471160888672e+00
2.307616949081420898e+00
2.493968009948730469e+00
2.294338226318359375e+00
2.080222606658935547e+00
1.996553897857666016e+00
2.270493745803833008e+00
1.946052551269531250e+00
2.178145885467529297e+00
1.843762755393981934e+00
1.936343669891357422e+00
2.085347652435302734e+00
2.193206787109375000e+00
2.295189142227172852e+00
2.360114574432373047e+00
2.152250528335571289e+00
2.148460388183593750e+00
1.921923875808715820e+00
2.149652957916259766e+00
2.013144016265869141e+00
2.030900955200195312e+00
2.146454572677612305e+00
1.966942906379699707e+00
2.079143762588500977e+00
2.082691192626953125e+00
2.073820829391479492e+00
2.528514862060546875e+00
2.239234685897827148e+00
2.441341876983642578e+00
2.057377815246582031e+00
1.974909543991088867e+00
1.894237756729125977e+00
2.124548673629760742e+00
2.415700674057006836e+00
2.015282392501831055e+00
2.248088359832763672e+00
2.273423194885253906e+00
1.973324775695800781e+00
1.955618739128112793e+00
2.083500385284423828e+00
2.046335220336914062e+00
2.504944562911987305e+00
1.993158340454101562e+00
2.316009044647216797e+00
2.115007162094116211e+00
2.092691421508789062e+00
2.016598701477050781e+00
2.011693477630615234e+00
2.255188941955566406e+00
2.094508171081542969e+00
2.228940486907958984e+00
1.964142203330993652e+00
2.019995212554931641e+00
2.044770002365112305e+00
2.378353118896484375e+00
2.000449657440185547e+00
1.862656116485595703e+00
2.119756221771240234e+00
2.009785175323486328e+00
2.106909751892089844e+00
2.251646757125854492e+00
2.122223377227783203e+00
2.035507917404174805e+00
2.228383302688598633e+00
2.177560329437255859e+00
2.082930564880371094e+00
1.944483280181884766e+00
2.022244215011596680e+00
2.263973474502563477e+00
2.030207395553588867e+00
2.473196029663085938e+00
2.243408679962158203e+00
2.053920030593872070e+00
2.381870508193969727e+00
1.860709905624389648e+00
2.061207771301269531e+00
2.282622098922729492e+00
2.102407693862915039e+00
2.257925748825073242e+00
2.096901416778564453e+00
1.950371742248535156e+00
1.906209230422973633e+00
2.374963521957397461e+00
2.334593772888183594e+00
2.087563991546630859e+00
2.042378664016723633e+00
2.206846237182617188e+00
2.084645271301269531e+00
2.324018239974975586e+00
2.323736667633056641e+00
2.129483938217163086e+00
2.196122884750366211e+00
2.178295373916625977e+00
2.264060020446777344e+00
2.182193517684936523e+00
1.981637954711914062e+00
1.968676328659057617e+00
2.303711414337158203e+00
2.186368703842163086e+00
2.054807901382446289e+00
2.147537231445312500e+00
2.024824380874633789e+00
2.197657346725463867e+00
2.271273612976074219e+00
2.560924768447875977e+00
2.013923645019531250e+00
1.837506651878356934e+00
2.127352714538574219e+00
1.915097951889038086e+00
2.058009147644042969e+00
2.134790897369384766e+00
2.092058658599853516e+00
2.198839664459228516e+00
2.085955858230590820e+00
2.308347225189208984e+00
2.185194730758666992e+00
2.016010761260986328e+00
2.167717695236206055e+00
2.059603691101074219e+00
2.089426755905151367e+00
2.052961826324462891e+00
2.121775865554809570e+00
2.199229240417480469e+00
1.899337053298950195e+00
2.238755226135253906e+00
1.949798226356506348e+00
2.420454978942871094e+00
1.838260889053344727e+00
2.058463811874389648e+00
2.072985410690307617e+00
2.046407222747802734e+00
2.099672317504882812e+00
2.047324180603027344e+00
1.845884442329406738e+00
2.072128534317016602e+00
2.193527221679687500e+00
2.153251886367797852e+00
2.232485532760620117e+00
2.319421768188476562e+00
2.093826532363891602e+00
1.928447484970092773e+00
2.287611722946166992e+00
2.469793319702148438e+00
1.982881307601928711e+00
2.001095294952392578e+00
1.971067190170288086e+00
2.149620294570922852e+00
2.252701282501220703e+00
2.163995981216430664e+00
2.123501777648925781e+00
2.474289178848266602e+00
2.226279497146606445e+00
2.106315135955810547e+00
1.926005005836486816e+00
2.050468921661376953e+00
2.546187877655029297e+00
2.118282556533813477e+00
1.987953305244445801e+00
2.212557554244995117e+00
2.065515279769897461e+00
2.184362411499023438e+00
2.354181051254272461e+00
2.429393768310546875e+00
2.027190208435058594e+00
2.240464448928833008e+00
2.135885000228881836e+00
2.165898561477661133e+00
1.995457768440246582e+00
2.119735002517700195e+00
2.002845287322998047e+00
1.908510088920593262e+00
2.160241603851318359e+00
2.225786209106445312e+00
2.019202709197998047e+00
2.288232803344726562e+00
1.953054785728454590e+00
2.039724349975585938e+00
2.146404981613159180e+00
2.036716461181640625e+00
2.153167009353637695e+00
2.448215007781982422e+00
2.116960525512695312e+00
2.025995731353759766e+00
2.004816055297851562e+00
1.865445017814636230e+00
1.964162111282348633e+00
2.262485027313232422e+00
2.131232261657714844e+00
2.138803243637084961e+00
2.202957868576049805e+00
2.066788673400878906e+00
1.947851419448852539e+00
2.114688873291015625e+00
2.431033134460449219e+00
1.765024304389953613e+00
2.168394088745117188e+00
2.389537334442138672e+00
2.187720298767089844e+00
1.967345952987670898e+00
2.066485404968261719e+00
2.353626012802124023e+00
2.404218673706054688e+00
2.170066356658935547e+00
2.049560070037841797e+00
2.193310260772705078e+00
2.263228416442871094e+00
2.284037590026855469e+00
2.040167808532714844e+00
1.915364265441894531e+00
1.910994768142700195e+00
2.295207977294921875e+00
1.975909590721130371e+00
2.085399389266967773e+00
2.209019422531127930e+00
1.996679425239562988e+00
2.342974901199340820e+00
2.241040468215942383e+00
2.473239421844482422e+00
1.923890829086303711e+00
2.254959583282470703e+00
1.958061218261718750e+00
2.383540153503417969e+00
2.130282640457153320e+00
2.130138397216796875e+00
2.188357830047607422e+00
2.340454578399658203e+00
2.123273849487304688e+00
2.329335451126098633e+00
2.024972677230834961e+00
2.153024435043334961e+00
2.477058172225952148e+00
2.087024688720703125e+00
2.156361579895019531e+00
2.087030649185180664e+00
2.034966945648193359e+00
2.145785808563232422e+00
2.114033460617065430e+00
2.343230724334716797e+00
2.351427078247070312e+00
2.097825050354003906e+00
2.050253868103027344e+00
1.856883049011230469e+00
2.222835540771484375e+00
2.022932052612304688e+00
1.960134506225585938e+00
2.147870063781738281e+00
2.146414995193481445e+00
2.319939374923706055e+00
1.990334272384643555e+00
2.324334144592285156e+00
2.163202762603759766e+00
2.140476226806640625e+00
2.116034984588623047e+00
2.167624950408935547e+00
2.119853258132934570e+00
2.143239021301269531e+00
2.156750440597534180e+00
2.404977798461914062e+00
2.091710090637207031e+00
2.009640693664550781e+00
2.021718740463256836e+00
1.976791858673095703e+00
2.294496059417724609e+00
2.113863229751586914e+00
2.046942710876464844e+00
2.262530088424682617e+00
2.113292694091796875e+00
2.276564121246337891e+00
2.201161623001098633e+00
2.173755168914794922e+00
2.127147674560546875e+00
2.464263916015625000e+00
2.241555213928222656e+00
2.055550336837768555e+00
2.149144411087036133e+00
1.968768358230590820e+00
2.040032386779785156e+00
2.137094020843505859e+00
2.455873966217041016e+00
2.147130489349365234e+00
2.024118423461914062e+00
2.019217967987060547e+00
2.327421426773071289e+00
2.252227306365966797e+00
2.017652511596679688e+00
2.083199501037597656e+00
2.020719051361083984e+00
2.440587759017944336e+00
1.896308660507202148e+00
2.228974819183349609e+00
1.993794679641723633e+00
1.864181399345397949e+00
2.345509767532348633e+00
2.107453107833862305e+00
2.045338153839111328e+00
2.128713607788085938e+00
2.121007204055786133e+00
2.103534698486328125e+00
1.964722752571105957e+00
2.278229713439941406e+00
2.146030426025390625e+00
1.849881887435913086e+00
1.847354173660278320e+00
1.895372629165649414e+00
2.002768993377685547e+00
1.976123213768005371e+00
1.955677032470703125e+00
1.881604433059692383e+00
1.984018802642822266e+00
2.552483320236206055e+00
2.019938230514526367e+00
1.926303386688232422e+00
2.301608562469482422e+00
2.158299446105957031e+00
2.461236000061035156e+00
2.023506402969360352e+00
2.266878604888916016e+00
2.197815895080566406e+00
2.303344726562500000e+00
2.091434240341186523e+00
2.136662960052490234e+00
2.207321166992187500e+00
1.929458379745483398e+00
1.987204790115356445e+00
2.167425632476806641e+00
2.446006298065185547e+00
2.141893386840820312e+00
2.021636962890625000e+00
2.073085546493530273e+00
2.307799339294433594e+00
1.929505586624145508e+00
2.151225090026855469e+00
2.064471244812011719e+00
2.007560968399047852e+00
2.306851625442504883e+00
1.990247011184692383e+00
2.081553936004638672e+00
1.896969437599182129e+00
2.248365640640258789e+00
1.949063897132873535e+00
2.344241857528686523e+00
2.294734954833984375e+00
2.267460346221923828e+00
2.127316713333129883e+00
1.994336366653442383e+00
2.023634195327758789e+00
1.826324224472045898e+00
2.098407745361328125e+00
1.930667161941528320e+00
2.328782558441162109e+00
2.262267112731933594e+00
2.039437055587768555e+00
2.134332180023193359e+00
2.096406459808349609e+00
2.155308961868286133e+00
2.271604537963867188e+00
2.020059347152709961e+00
1.964104890823364258e+00
2.111776590347290039e+00
2.058711290359497070e+00
2.183608055114746094e+00
2.050584077835083008e+00
2.128949642181396484e+00
1.943711400032043457e+00
2.201393127441406250e+00
2.285236358642578125e+00
2.418236255645751953e+00
2.073205471038818359e+00
2.203614711761474609e+00
2.425643444061279297e+00
2.065256595611572266e+00
2.318511962890625000e+00
2.031597375869750977e+00
2.126416206359863281e+00
1.706451654434204102e+00
1.987951159477233887e+00
2.604926109313964844e+00
2.331082105636596680e+00
2.240312337875366211e+00
2.202945470809936523e+00
2.293276786804199219e+00
2.023379325866699219e+00
2.111861705780029297e+00
2.497863769531250000e+00
2.178952693939208984e+00
2.441117048263549805e+00
2.131553411483764648e+00
1.975919604301452637e+00
2.210336446762084961e+00
2.200001239776611328e+00
2.263765811920166016e+00
2.291991710662841797e+00
2.052569150924682617e+00
1.771950006484985352e+00
2.167225360870361328e+00
2.234996557235717773e+00
2.349415302276611328e+00
2.060652017593383789e+00
2.073245525360107422e+00
2.133508920669555664e+00
2.058374166488647461e+00
2.264418363571166992e+00
2.216945171356201172e+00
1.923890113830566406e+00
2.481077671051025391e+00
2.239789485931396484e+00
1.894022941589355469e+00
2.102057456970214844e+00
2.417650222778320312e+00
2.054666757583618164e+00
2.483573198318481445e+00
2.069957971572875977e+00
2.042794704437255859e+00
2.034195184707641602e+00
2.299656391143798828e+00
2.141095161437988281e+00
1.872645974159240723e+00
2.039644241333007812e+00
1.761595606803894043e+00
2.329899787902832031e+00
1.906095623970031738e+00
2.060530662536621094e+00
2.098746776580810547e+00
1.975081205368041992e+00
2.296146392822265625e+00
2.060697555541992188e+00
2.290972709655761719e+00
1.980033278465270996e+00
2.210541248321533203e+00
1.955599665641784668e+00
2.126443862915039062e+00
2.119677543640136719e+00
2.069989204406738281e+00
2.041525602340698242e+00
2.117873668670654297e+00
2.090352773666381836e+00
2.113685131072998047e+00
2.213331699371337891e+00
1.757567048072814941e+00
2.072279691696166992e+00
1.886609196662902832e+00
2.076005935668945312e+00
2.121319532394409180e+00
2.082094907760620117e+00
1.896656513214111328e+00
2.009546518325805664e+00
2.322011947631835938e+00
2.163056373596191406e+00
2.142305612564086914e+00
1.911995410919189453e+00
1.939541339874267578e+00
1.909398674964904785e+00
1.953709602355957031e+00
2.097961187362670898e+00
2.182171106338500977e+00
1.991831302642822266e+00
2.075267791748046875e+00
1.823571205139160156e+00
1.905757665634155273e+00
2.098551034927368164e+00
2.035113096237182617e+00
2.116935968399047852e+00
1.993908166885375977e+00
2.215550899505615234e+00
1.991868972778320312e+00
2.142948150634765625e+00
2.029232740402221680e+00
1.779042482376098633e+00
1.945014238357543945e+00
1.980159044265747070e+00
2.131448268890380859e+00
2.137086153030395508e+00
2.153006792068481445e+00
2.100952148437500000e+00
2.021790266036987305e+00
2.177612066268920898e+00
2.202008962631225586e+00
1.842696905136108398e+00
2.241939306259155273e+00
1.965672969818115234e+00
2.265347957611083984e+00
2.163201808929443359e+00
