9.274584590457379818e-04
7.603034027852118015e-04
9.153365972451865673e-04
1.096954918466508389e-03
8.711509872227907181e-04
7.919874042272567749e-04
7.392326951958239079e-04
8.656108402647078037e-04
7.716930122114717960e-04
7.541313534602522850e-04
7.730750949122011662e-04
8.724401122890412807e-04
8.284090436063706875e-04
8.305631345137953758e-04
7.173867197707295418e-04
9.502226603217422962e-04
8.117808029055595398e-04
8.648584480397403240e-04
8.105254964902997017e-04
8.080747793428599834e-04
