3.648849576711654663e-02
3.925000131130218506e-02
3.269196301698684692e-02
4.436312243342399597e-02
3.759475424885749817e-02
3.655489161610603333e-02
4.294747486710548401e-02
4.534685239195823669e-02
3.267426788806915283e-02
4.269625991582870483e-02
3.863285481929779053e-02
4.334225878119468689e-02
4.311098530888557434e-02
3.269595652818679810e-02
3.981571272015571594e-02
3.602109849452972412e-02
3.464591503143310547e-02
4.833246022462844849e-02
4.685177654027938843e-02
3.927054256200790405e-02
