1.865058135986328125e+01
1.831471824645996094e+01
1.771022605895996094e+01
1.749494743347167969e+01
1.744833183288574219e+01
1.925749397277832031e+01
1.797198867797851562e+01
1.774076843261718750e+01
1.916790580749511719e+01
1.734574127197265625e+01
1.750953102111816406e+01
1.789025497436523438e+01
1.718476867675781250e+01
1.828762245178222656e+01
1.662448692321777344e+01
1.690856933593750000e+01
1.610948753356933594e+01
1.614214134216308594e+01
1.616074943542480469e+01
1.656821823120117188e+01
1.477775287628173828e+01
1.315303039550781250e+01
1.133125782012939453e+01
1.026873970031738281e+01
8.494638442993164062e+00
7.166896820068359375e+00
5.826755523681640625e+00
4.109951972961425781e+00
6.457619190216064453e+00
5.490978717803955078e+00
8.242761611938476562e+00
6.123375415802001953e+00
6.984771728515625000e+00
5.062857151031494141e+00
4.824683189392089844e+00
4.469981670379638672e+00
5.131023883819580078e+00
5.262797355651855469e+00
5.240109443664550781e+00
5.171094894409179688e+00
5.668354988098144531e+00
5.389750957489013672e+00
4.631111145019531250e+00
4.696122169494628906e+00
5.917601585388183594e+00
3.818030834197998047e+00
4.656583786010742188e+00
4.656953811645507812e+00
5.162094116210937500e+00
4.436875343322753906e+00
5.074825763702392578e+00
4.756834030151367188e+00
3.983611345291137695e+00
4.337667465209960938e+00
4.678971767425537109e+00
4.178666591644287109e+00
4.314945697784423828e+00
4.825053691864013672e+00
4.124428272247314453e+00
4.447815895080566406e+00
4.510262012481689453e+00
4.686408519744873047e+00
4.447096824645996094e+00
4.452383995056152344e+00
4.289572715759277344e+00
4.658941268920898438e+00
4.641697406768798828e+00
4.402654647827148438e+00
4.425933837890625000e+00
4.541484355926513672e+00
3.963928461074829102e+00
3.736721277236938477e+00
3.424882888793945312e+00
4.021348953247070312e+00
3.691866874694824219e+00
3.865058660507202148e+00
4.482509613037109375e+00
4.482747554779052734e+00
3.113239765167236328e+00
4.567659854888916016e+00
3.897357225418090820e+00
3.787713050842285156e+00
3.490283012390136719e+00
4.208680152893066406e+00
3.545641899108886719e+00
3.727069854736328125e+00
2.947269916534423828e+00
3.809035062789916992e+00
3.411632061004638672e+00
3.649127721786499023e+00
2.979080200195312500e+00
3.068463325500488281e+00
3.087283611297607422e+00
3.503358602523803711e+00
2.826647043228149414e+00
3.497807025909423828e+00
3.258080244064331055e+00
2.622077941894531250e+00
2.764461755752563477e+00
2.277122259140014648e+00
1.664364218711853027e+00
1.482788681983947754e+00
1.766388177871704102e+00
1.379707932472229004e+00
9.391979575157165527e-01
7.034245729446411133e-01
5.059809088706970215e-01
4.189386963844299316e-01
3.856696188449859619e-01
4.453969597816467285e-01
4.277234077453613281e-01
3.620906472206115723e-01
4.240288138389587402e-01
3.919066190719604492e-01
4.029255807399749756e-01
3.868500888347625732e-01
2.893977463245391846e-01
1.779708117246627808e-01
1.218835189938545227e-01
1.244971081614494324e-01
1.398146748542785645e-01
1.181683316826820374e-01
1.878752112388610840e-01
1.677632033824920654e-01
1.799833327531814575e-01
2.130663096904754639e-01
1.615308225154876709e-01
1.941128969192504883e-01
2.146673053503036499e-01
1.231049373745918274e-01
1.695660054683685303e-01
1.146671399474143982e-01
8.263432979583740234e-02
1.000763326883316040e-01
7.849803566932678223e-02
1.077063307166099548e-01
1.071621626615524292e-01
1.114950552582740784e-01
8.618418872356414795e-02
1.052080765366554260e-01
9.264430403709411621e-02
8.958443999290466309e-02
8.828448504209518433e-02
9.066309034824371338e-02
8.060559630393981934e-02
7.054131478071212769e-02
6.904079765081405640e-02
7.904008030891418457e-02
6.819719821214675903e-02
9.175731986761093140e-02
7.589001953601837158e-02
8.000294119119644165e-02
8.283332735300064087e-02
8.003152906894683838e-02
7.979512214660644531e-02
8.103119581937789917e-02
8.485775440931320190e-02
6.565507501363754272e-02
7.406298071146011353e-02
6.137203052639961243e-02
5.928044766187667847e-02
6.508051604032516479e-02
5.733984708786010742e-02
5.961811169981956482e-02
8.242172002792358398e-02
7.028562575578689575e-02
5.778149887919425964e-02
6.733499467372894287e-02
9.637902677059173584e-02
6.964207440614700317e-02
5.410540848970413208e-02
9.207637608051300049e-02
8.728410303592681885e-02
5.566667392849922180e-02
6.429732590913772583e-02
7.534187287092208862e-02
7.058037072420120239e-02
5.885954201221466064e-02
6.764989346265792847e-02
6.450562179088592529e-02
4.697092249989509583e-02
6.697503477334976196e-02
6.735148280858993530e-02
6.097425520420074463e-02
4.750952497124671936e-02
5.580052360892295837e-02
5.734112858772277832e-02
4.897325485944747925e-02
6.565275788307189941e-02
5.345944687724113464e-02
5.604765564203262329e-02
5.102129280567169189e-02
4.410809278488159180e-02
6.211586669087409973e-02
6.004604324698448181e-02
4.639713838696479797e-02
5.702476575970649719e-02
5.065859854221343994e-02
4.314549639821052551e-02
7.486997544765472412e-02
1.060743927955627441e-01
7.067810744047164917e-02
5.372771993279457092e-02
7.777383178472518921e-02
6.691364198923110962e-02
4.544734954833984375e-02
5.181180685758590698e-02
6.127388402819633484e-02
5.037745833396911621e-02
5.143263936042785645e-02
6.144331395626068115e-02
7.441871613264083862e-02
4.533722624182701111e-02
5.728655681014060974e-02
5.446669459342956543e-02
4.150322452187538147e-02
5.951229110360145569e-02
6.772704422473907471e-02
5.368291586637496948e-02
4.582551494240760803e-02
5.085388198494911194e-02
6.386149674654006958e-02
5.950759723782539368e-02
6.401177495718002319e-02
4.391188174486160278e-02
5.577917769551277161e-02
4.507974535226821899e-02
4.814075678586959839e-02
4.847442358732223511e-02
4.071777313947677612e-02
4.661615192890167236e-02
5.093843862414360046e-02
6.027368828654289246e-02
5.445216968655586243e-02
4.003340750932693481e-02
5.168864130973815918e-02
6.122111156582832336e-02
6.699891388416290283e-02
5.023058131337165833e-02
4.450311139225959778e-02
4.556802287697792053e-02
4.971348866820335388e-02
4.266084730625152588e-02
5.049709603190422058e-02
4.798425734043121338e-02
5.521097034215927124e-02
4.226192086935043335e-02
6.256880611181259155e-02
7.047033309936523438e-02
5.817797780036926270e-02
4.290326312184333801e-02
5.243561789393424988e-02
7.509891688823699951e-02
6.451991945505142212e-02
4.640967026352882385e-02
4.980733618140220642e-02
5.403400585055351257e-02
4.182867705821990967e-02
4.594574123620986938e-02
5.577611178159713745e-02
4.587763920426368713e-02
4.105748236179351807e-02
5.096600204706192017e-02
4.509960860013961792e-02
3.800690546631813049e-02
3.989574313163757324e-02
4.879539832472801208e-02
4.256680235266685486e-02
5.033318698406219482e-02
4.042647033929824829e-02
4.515400528907775879e-02
3.949857503175735474e-02
5.133468285202980042e-02
4.631338641047477722e-02
5.029250681400299072e-02
4.005844518542289734e-02
4.327752441167831421e-02
4.843238741159439087e-02
4.225656390190124512e-02
4.156899079680442810e-02
4.294273257255554199e-02
5.631819739937782288e-02
4.331533610820770264e-02
4.724031686782836914e-02
4.398377984762191772e-02
4.745344072580337524e-02
5.783498287200927734e-02
4.655181244015693665e-02
4.572838544845581055e-02
5.537417531013488770e-02
5.255841463804244995e-02
4.705978184938430786e-02
4.444252327084541321e-02
4.478200525045394897e-02
3.743347898125648499e-02
4.278102517127990723e-02
5.124036222696304321e-02
4.784423857927322388e-02
4.937930405139923096e-02
3.927902504801750183e-02
4.387856647372245789e-02
4.618407040834426880e-02
3.771990165114402771e-02
4.029751941561698914e-02
4.612802341580390930e-02
4.132264479994773865e-02
4.248303174972534180e-02
4.327687621116638184e-02
4.220293834805488586e-02
4.635180532932281494e-02
5.239691957831382751e-02
5.312694981694221497e-02
4.768644273281097412e-02
4.807230085134506226e-02
5.805699154734611511e-02
8.448174595832824707e-02
9.156221896409988403e-02
8.099044114351272583e-02
7.138720154762268066e-02
5.992187187075614929e-02
4.798189923167228699e-02
4.266906902194023132e-02
7.414343953132629395e-02
8.202975243330001831e-02
5.276873335242271423e-02
3.930114582180976868e-02
3.980612009763717651e-02
5.566018447279930115e-02
7.187454402446746826e-02
7.245089858770370483e-02
6.410775333642959595e-02
5.092959851026535034e-02
4.517071321606636047e-02
4.117265716195106506e-02
4.202049225568771362e-02
4.479520022869110107e-02
4.037288203835487366e-02
4.637233912944793701e-02
3.996931388974189758e-02
4.084176570177078247e-02
4.826233908534049988e-02
5.141097307205200195e-02
4.468106850981712341e-02
4.995915293693542480e-02
4.541144147515296936e-02
4.221901297569274902e-02
3.876578435301780701e-02
3.682691231369972229e-02
4.509074613451957703e-02
5.110263451933860779e-02
5.434024333953857422e-02
4.552519693970680237e-02
3.596744686365127563e-02
3.814055770635604858e-02
4.565320536494255066e-02
4.061633348464965820e-02
4.639460518956184387e-02
5.258205533027648926e-02
6.398864090442657471e-02
7.249174267053604126e-02
7.642955332994461060e-02
6.365884095430374146e-02
3.758875653147697449e-02
5.309019237756729126e-02
8.908935636281967163e-02
1.212197989225387573e-01
9.749016165733337402e-02
6.033808737993240356e-02
3.645778074860572815e-02
7.260195910930633545e-02
6.758852303028106689e-02
6.482279300689697266e-02
4.541526362299919128e-02
3.575983271002769470e-02
4.706289246678352356e-02
4.034079983830451965e-02
3.609873354434967041e-02
3.970601409673690796e-02
4.837698861956596375e-02
5.346358194947242737e-02
4.470684379339218140e-02
3.972914814949035645e-02
3.777327015995979309e-02
4.067525267601013184e-02
3.555354475975036621e-02
3.861284255981445312e-02
4.476793855428695679e-02
5.621598288416862488e-02
5.707019194960594177e-02
5.556876957416534424e-02
3.984440863132476807e-02
3.543249890208244324e-02
4.110414162278175354e-02
5.186936631798744202e-02
4.237122833728790283e-02
4.198163747787475586e-02
4.006733745336532593e-02
5.782928317785263062e-02
6.329257786273956299e-02
4.155011475086212158e-02
3.503553196787834167e-02
4.322579503059387207e-02
6.272148340940475464e-02
7.746263593435287476e-02
5.735232681035995483e-02
3.271287307143211365e-02
5.130041390657424927e-02
9.306625276803970337e-02
9.782966971397399902e-02
5.984853953123092651e-02
3.394675254821777344e-02
4.359178617596626282e-02
4.678591340780258179e-02
4.024161025881767273e-02
3.402853757143020630e-02
4.166683554649353027e-02
4.852629452943801880e-02
4.122669249773025513e-02
4.268141835927963257e-02
3.419201448559761047e-02
3.670701012015342712e-02
3.431537002325057983e-02
3.301501274108886719e-02
3.655209764838218689e-02
4.019844904541969299e-02
2.881463803350925446e-02
3.372045978903770447e-02
3.963589295744895935e-02
3.813403472304344177e-02
3.256275132298469543e-02
3.778090700507164001e-02
3.100304678082466125e-02
2.953185886144638062e-02
3.274511173367500305e-02
3.141595795750617981e-02
3.889255225658416748e-02
3.586828708648681641e-02
4.115937277674674988e-02
3.132482245564460754e-02
3.142422810196876526e-02
3.378407657146453857e-02
3.629602119326591492e-02
3.905782848596572876e-02
4.271057248115539551e-02
3.472512215375900269e-02
2.954160794615745544e-02
3.250868245959281921e-02
3.413027524948120117e-02
3.318707272410392761e-02
3.526503965258598328e-02
4.175389930605888367e-02
4.136479273438453674e-02
3.442231565713882446e-02
2.698003686964511871e-02
3.604792058467864990e-02
4.024320095777511597e-02
4.019074514508247375e-02
3.382916375994682312e-02
2.650096267461776733e-02
3.089243173599243164e-02
3.454642742872238159e-02
2.998162433505058289e-02
3.683067858219146729e-02
3.887348622083663940e-02
3.285031393170356750e-02
3.224236518144607544e-02
3.663226589560508728e-02
2.873132750391960144e-02
2.305055782198905945e-02
3.251144289970397949e-02
3.520134836435317993e-02
3.996895626187324524e-02
3.841826692223548889e-02
2.704133093357086182e-02
2.085846848785877228e-02
3.165838494896888733e-02
3.226945176720619202e-02
2.698698826134204865e-02
2.337029017508029938e-02
2.783985994756221771e-02
2.434513159096240997e-02
2.857100591063499451e-02
3.587749600410461426e-02
3.480443730950355530e-02
3.325391933321952820e-02
2.559413760900497437e-02
3.087267279624938965e-02
4.636286199092864990e-02
5.743357911705970764e-02
5.789778381586074829e-02
4.393884539604187012e-02
2.845338173210620880e-02
2.775501273572444916e-02
3.300936520099639893e-02
3.784748911857604980e-02
3.587875887751579285e-02
2.850872837007045746e-02
2.904450893402099609e-02
2.434238977730274200e-02
2.458676323294639587e-02
2.610743977129459381e-02
2.489295043051242828e-02
2.312891185283660889e-02
2.359234169125556946e-02
2.516174130141735077e-02
2.073896676301956177e-02
2.518852613866329193e-02
2.072448097169399261e-02
2.146154083311557770e-02
2.356252819299697876e-02
2.271205745637416840e-02
2.491582371294498444e-02
2.820510044693946838e-02
2.815923653542995453e-02
2.244891971349716187e-02
2.297676727175712585e-02
2.084422484040260315e-02
2.198713645339012146e-02
1.991480775177478790e-02
2.270400337874889374e-02
2.374953404068946838e-02
2.243877202272415161e-02
2.482744865119457245e-02
2.358401753008365631e-02
2.810385450720787048e-02
3.053386136889457703e-02
2.342798560857772827e-02
2.125758491456508636e-02
2.251856215298175812e-02
2.392488718032836914e-02
2.562710084021091461e-02
2.648406662046909332e-02
2.992855757474899292e-02
2.845851704478263855e-02
2.335713058710098267e-02
2.430800534784793854e-02
2.240165695548057556e-02
2.456732466816902161e-02
2.813896909356117249e-02
3.321026265621185303e-02
3.614952415227890015e-02
3.247850760817527771e-02
2.953414060175418854e-02
2.867177873849868774e-02
2.150639146566390991e-02
2.408236078917980194e-02
3.185010701417922974e-02
3.535662591457366943e-02
3.800589963793754578e-02
4.123795032501220703e-02
3.118970431387424469e-02
2.452671155333518982e-02
2.239985205233097076e-02
2.389861643314361572e-02
3.064959123730659485e-02
3.453259170055389404e-02
3.503999486565589905e-02
3.293955698609352112e-02
2.560655213892459869e-02
2.119899913668632507e-02
3.241699188947677612e-02
2.256412431597709656e-02
2.167226932942867279e-02
2.586740627884864807e-02
2.216318994760513306e-02
2.247210405766963959e-02
2.176869474351406097e-02
2.380631119012832642e-02
2.252479642629623413e-02
2.324867621064186096e-02
2.360539324581623077e-02
2.717586979269981384e-02
3.191126510500907898e-02
2.294746227562427521e-02
2.453595586121082306e-02
2.530498057603836060e-02
3.064521029591560364e-02
3.421375527977943420e-02
3.076630830764770508e-02
4.081683233380317688e-02
2.401839382946491241e-02
2.109111845493316650e-02
2.250007912516593933e-02
2.637412585318088531e-02
2.761431597173213959e-02
2.491541579365730286e-02
2.348150126636028290e-02
2.687884308397769928e-02
2.239090949296951294e-02
2.405557967722415924e-02
2.387583628296852112e-02
2.445960789918899536e-02
2.348593249917030334e-02
2.143403142690658569e-02
2.099326625466346741e-02
2.338582649827003479e-02
2.031903155148029327e-02
2.648270316421985626e-02
2.625769004225730896e-02
3.017298132181167603e-02
3.546485677361488342e-02
3.625895455479621887e-02
3.323956578969955444e-02
2.839354053139686584e-02
2.263322100043296814e-02
2.061241865158081055e-02
2.087486162781715393e-02
2.115982212126255035e-02
2.317847125232219696e-02
2.716729417443275452e-02
2.666746079921722412e-02
2.664017677307128906e-02
3.271025046706199646e-02
2.348211407661437988e-02
2.734100073575973511e-02
2.552349492907524109e-02
2.217301353812217712e-02
2.260084263980388641e-02
1.891318522393703461e-02
2.461648173630237579e-02
2.017486095428466797e-02
2.166351303458213806e-02
2.024588920176029205e-02
2.098068408668041229e-02
2.127813920378684998e-02
2.299345843493938446e-02
2.123691700398921967e-02
2.147920057177543640e-02
2.590381726622581482e-02
2.034851722419261932e-02
2.059749327600002289e-02
1.928035169839859009e-02
2.508531510829925537e-02
1.913327910006046295e-02
2.728783711791038513e-02
2.199554070830345154e-02
2.082363702356815338e-02
2.078448235988616943e-02
2.497399784624576569e-02
1.912832260131835938e-02
2.105563506484031677e-02
2.004940621554851532e-02
2.255401946604251862e-02
2.340363711118698120e-02
1.928794384002685547e-02
2.187964320182800293e-02
2.285704948008060455e-02
2.224078588187694550e-02
2.424904331564903259e-02
2.546552568674087524e-02
2.515298873186111450e-02
2.397757209837436676e-02
2.442520298063755035e-02
2.603819593787193298e-02
2.369671128690242767e-02
2.129221335053443909e-02
2.457850240170955658e-02
1.927482709288597107e-02
1.800465211272239685e-02
1.903105713427066803e-02
2.240716479718685150e-02
2.225988358259201050e-02
1.910531334578990936e-02
1.886559091508388519e-02
2.089676633477210999e-02
2.280950918793678284e-02
2.403358556330204010e-02
2.929210849106311798e-02
3.656231239438056946e-02
3.685966134071350098e-02
4.072767868638038635e-02
4.014312848448753357e-02
3.452757000923156738e-02
3.019481338560581207e-02
2.281020209193229675e-02
2.136444486677646637e-02
1.874663494527339935e-02
1.995520293712615967e-02
2.321024984121322632e-02
2.561327256262302399e-02
3.036298602819442749e-02
2.502978779375553131e-02
2.486328221857547760e-02
2.018342725932598114e-02
2.205478772521018982e-02
1.880260370671749115e-02
2.181864902377128601e-02
1.774013973772525787e-02
2.482933923602104187e-02
2.782908454537391663e-02
2.932953648269176483e-02
3.371168673038482666e-02
2.831942401826381683e-02
2.417166531085968018e-02
2.435561642050743103e-02
1.900256238877773285e-02
1.962255313992500305e-02
2.140890806913375854e-02
2.334642410278320312e-02
2.322844229638576508e-02
2.787498012185096741e-02
2.831440418958663940e-02
2.028484642505645752e-02
2.115869522094726562e-02
2.136261388659477234e-02
2.136269584298133850e-02
2.788613550364971161e-02
2.081241086125373840e-02
2.503363974392414093e-02
2.808623202145099640e-02
3.224000334739685059e-02
3.344732522964477539e-02
3.255488723516464233e-02
3.037372417747974396e-02
2.297262661159038544e-02
2.049297839403152466e-02
2.114576846361160278e-02
2.229694463312625885e-02
2.529309131205081940e-02
3.178967535495758057e-02
3.672000393271446228e-02
3.115142136812210083e-02
2.536878176033496857e-02
2.425785176455974579e-02
2.223975025117397308e-02
2.101933024823665619e-02
2.057081274688243866e-02
2.199331670999526978e-02
2.045883052051067352e-02
2.002173848450183868e-02
2.049367874860763550e-02
1.946461759507656097e-02
1.862693950533866882e-02
1.804590411484241486e-02
2.155620977282524109e-02
2.002993598580360413e-02
1.979359053075313568e-02
2.148009464144706726e-02
1.836821995675563812e-02
2.055837772786617279e-02
2.535269595682621002e-02
3.090274892747402191e-02
4.241145402193069458e-02
4.811817407608032227e-02
5.041369423270225525e-02
4.165500774979591370e-02
2.705967798829078674e-02
2.305498905479907990e-02
1.840174756944179535e-02
2.015504427254199982e-02
2.382457815110683441e-02
2.683483250439167023e-02
2.340154908597469330e-02
2.182481624186038971e-02
1.794796623289585114e-02
2.225175313651561737e-02
1.922958157956600189e-02
2.564778737723827362e-02
2.737318538129329681e-02
2.907676808536052704e-02
3.077078796923160553e-02
2.604945376515388489e-02
2.449603937566280365e-02
2.033678814768791199e-02
1.934574544429779053e-02
1.837116107344627380e-02
1.741507276892662048e-02
1.943444833159446716e-02
1.541143190115690231e-02
1.858581788837909698e-02
2.278857119381427765e-02
2.171646989881992340e-02
2.217011153697967529e-02
2.772276476025581360e-02
3.186462447047233582e-02
2.836553007364273071e-02
2.462160959839820862e-02
2.054034732282161713e-02
2.481211349368095398e-02
1.807788759469985962e-02
1.952841319143772125e-02
1.882059872150421143e-02
2.140124142169952393e-02
1.895033754408359528e-02
1.994653604924678802e-02
1.784973591566085815e-02
1.764067262411117554e-02
1.988366432487964630e-02
2.003590948879718781e-02
1.900197565555572510e-02
1.794419251382350922e-02
2.066372521221637726e-02
2.007732726633548737e-02
1.936294697225093842e-02
2.245402708649635315e-02
2.252584695816040039e-02
2.200721576809883118e-02
1.949044503271579742e-02
1.989980973303318024e-02
1.626064255833625793e-02
1.788832433521747589e-02
1.794888824224472046e-02
2.233900502324104309e-02
2.130687981843948364e-02
2.195455878973007202e-02
2.135306596755981445e-02
2.126736752688884735e-02
1.895173452794551849e-02
1.795465126633644104e-02
1.986355893313884735e-02
2.756323665380477905e-02
3.099415451288223267e-02
3.635284304618835449e-02
3.569712862372398376e-02
3.245600685477256775e-02
2.248694188892841339e-02
1.911422796547412872e-02
1.958864927291870117e-02
1.870349608361721039e-02
2.180795930325984955e-02
2.061055041849613190e-02
2.160880714654922485e-02
2.409226261079311371e-02
2.081453986465930939e-02
2.431963756680488586e-02
2.547124028205871582e-02
1.923534832894802094e-02
1.672571711242198944e-02
1.817158050835132599e-02
2.043483965098857880e-02
2.424531802535057068e-02
2.904032543301582336e-02
3.011301904916763306e-02
2.411210909485816956e-02
2.044646069407463074e-02
1.913878507912158966e-02
1.688983477652072906e-02
1.846393942832946777e-02
2.054565027356147766e-02
2.231800183653831482e-02
2.317720465362071991e-02
2.812574431300163269e-02
2.625301666557788849e-02
2.334517054259777069e-02
2.132715657353401184e-02
2.053135633468627930e-02
1.719486340880393982e-02
1.784431375563144684e-02
1.748368889093399048e-02
1.692662388086318970e-02
1.822085306048393250e-02
2.017960697412490845e-02
1.908847317099571228e-02
1.688992977142333984e-02
1.880112104117870331e-02
1.968925632536411285e-02
1.630435138940811157e-02
1.545002404600381851e-02
1.764923520386219025e-02
2.070120908319950104e-02
1.662151888012886047e-02
1.699125021696090698e-02
1.659718155860900879e-02
1.665799319744110107e-02
1.864041201770305634e-02
1.940145157277584076e-02
1.621498726308345795e-02
1.776689663529396057e-02
1.651827804744243622e-02
2.232433483004570007e-02
2.672849409282207489e-02
3.595221415162086487e-02
3.855353593826293945e-02
3.824943676590919495e-02
2.965869195759296417e-02
2.424518391489982605e-02
1.726539060473442078e-02
1.695825345814228058e-02
1.882777549326419830e-02
1.897126622498035431e-02
2.402104064822196960e-02
2.758684009313583374e-02
2.652747370302677155e-02
2.467022649943828583e-02
1.946417428553104401e-02
1.769011653959751129e-02
1.711534336209297180e-02
2.057997696101665497e-02
2.059042640030384064e-02
2.534759044647216797e-02
2.391574345529079437e-02
2.305605821311473846e-02
2.029113285243511200e-02
1.633474789559841156e-02
1.694497838616371155e-02
1.865538395941257477e-02
1.903934217989444733e-02
1.907947845757007599e-02
1.870075799524784088e-02
1.790868677198886871e-02
1.571395806968212128e-02
1.873362250626087189e-02
1.820016838610172272e-02
2.024316787719726562e-02
1.609965972602367401e-02
1.633203402161598206e-02
1.643087901175022125e-02
1.869904808700084686e-02
1.626244559884071350e-02
1.696474477648735046e-02
1.977628841996192932e-02
2.096262201666831970e-02
2.035855874419212341e-02
1.953181624412536621e-02
1.899576187133789062e-02
2.026250772178173065e-02
1.437215413898229599e-02
2.041233703494071960e-02
2.375925518572330475e-02
3.605348989367485046e-02
3.280929848551750183e-02
3.131431341171264648e-02
2.656336314976215363e-02
2.253758721053600311e-02
1.895155943930149078e-02
1.621778123080730438e-02
1.671167090535163879e-02
2.090540714561939240e-02
1.947670616209506989e-02
2.137404680252075195e-02
1.641336269676685333e-02
1.841665245592594147e-02
1.853255368769168854e-02
2.140254713594913483e-02
2.251778915524482727e-02
2.176268771290779114e-02
2.493643946945667267e-02
2.014967240393161774e-02
1.603851094841957092e-02
1.719916611909866333e-02
1.750022545456886292e-02
1.830014213919639587e-02
2.104647085070610046e-02
2.109658531844615936e-02
1.649288646876811981e-02
2.042335085570812225e-02
1.644023135304450989e-02
1.601273939013481140e-02
1.753886975347995758e-02
1.781949959695339203e-02
1.604223065078258514e-02
1.642191596329212189e-02
2.255845256149768829e-02
1.658681780099868774e-02
1.866063289344310760e-02
1.741786114871501923e-02
1.864500530064105988e-02
1.857707463204860687e-02
1.829514093697071075e-02
1.959395594894886017e-02
1.733624003827571869e-02
1.532485336065292358e-02
1.667047291994094849e-02
1.551856473088264465e-02
1.857716403901576996e-02
1.774027384817600250e-02
1.710517145693302155e-02
1.814312301576137543e-02
1.713739894330501556e-02
1.702934131026268005e-02
1.582005061209201813e-02
1.581286452710628510e-02
1.849796436727046967e-02
1.715115085244178772e-02
1.904878765344619751e-02
1.802809536457061768e-02
1.896487548947334290e-02
1.659865304827690125e-02
1.562985591590404510e-02
1.512269210070371628e-02
1.622484251856803894e-02
1.744440756738185883e-02
1.745949499309062958e-02
1.618163287639617920e-02
1.573149487376213074e-02
1.723116450011730194e-02
2.200141921639442444e-02
2.426804974675178528e-02
2.346183359622955322e-02
2.364349924027919769e-02
2.173626050353050232e-02
1.937282830476760864e-02
1.823651045560836792e-02
1.498616952449083328e-02
1.690143719315528870e-02
1.408845093101263046e-02
1.718194223940372467e-02
1.747772656381130219e-02
1.777539588510990143e-02
1.796785183250904083e-02
1.861744746565818787e-02
1.733205094933509827e-02
1.394860353320837021e-02
1.699490472674369812e-02
1.654496788978576660e-02
1.640880294144153595e-02
1.871002838015556335e-02
1.879650354385375977e-02
1.842276379466056824e-02
1.651576720178127289e-02
1.794655621051788330e-02
1.607178151607513428e-02
1.727296970784664154e-02
1.705152355134487152e-02
2.075288072228431702e-02
1.893198117613792419e-02
2.157602272927761078e-02
2.067810297012329102e-02
1.947603747248649597e-02
1.739492081105709076e-02
1.690088585019111633e-02
1.475340500473976135e-02
1.776071451604366302e-02
1.797654293477535248e-02
1.844853349030017853e-02
1.678582467138767242e-02
1.435436028987169266e-02
2.229082956910133362e-02
1.633467897772789001e-02
1.831409148871898651e-02
2.435615286231040955e-02
2.737444080412387848e-02
2.756362408399581909e-02
2.615573629736900330e-02
2.343589812517166138e-02
1.818319410085678101e-02
1.392274536192417145e-02
1.594436913728713989e-02
2.098909579217433929e-02
2.529285475611686707e-02
2.321982197463512421e-02
2.011176198720932007e-02
2.051900699734687805e-02
1.809299550950527191e-02
1.466067042201757431e-02
1.754249259829521179e-02
2.390628308057785034e-02
2.456326410174369812e-02
2.560009621083736420e-02
2.565555274486541748e-02
2.530797198414802551e-02
2.313160710036754608e-02
1.856561936438083649e-02
1.633374020457267761e-02
1.887230202555656433e-02
1.554637122899293900e-02
2.044223062694072723e-02
2.179006673395633698e-02
2.408726699650287628e-02
2.490784786641597748e-02
2.452858723700046539e-02
2.352483198046684265e-02
1.820199005305767059e-02
1.618559472262859344e-02
1.646867394447326660e-02
1.564513705670833588e-02
1.717149838805198669e-02
1.998014748096466064e-02
2.121507935225963593e-02
2.018893137574195862e-02
1.778365112841129303e-02
1.756828092038631439e-02
1.326010096818208694e-02
1.579476334154605865e-02
1.625077985227108002e-02
1.632695086300373077e-02
1.469441410154104233e-02
1.506910938769578934e-02
1.659045927226543427e-02
1.807045191526412964e-02
1.685394905507564545e-02
1.848881319165229797e-02
1.951454952359199524e-02
1.692123152315616608e-02
1.757062226533889771e-02
1.641889475286006927e-02
1.802051998674869537e-02
1.793356984853744507e-02
1.621154323220252991e-02
1.478386763483285904e-02
1.504042837768793106e-02
1.559945568442344666e-02
1.498630456626415253e-02
1.655989512801170349e-02
1.638786122202873230e-02
1.494425721466541290e-02
1.546611916273832321e-02
1.654316857457160950e-02
1.619054004549980164e-02
1.663133874535560608e-02
1.456388831138610840e-02
1.378713548183441162e-02
1.504940073937177658e-02
1.634865254163742065e-02
1.925935409963130951e-02
2.385260723531246185e-02
2.424333803355693817e-02
2.505851536989212036e-02
2.355924062430858612e-02
1.927700452506542206e-02
1.393933594226837158e-02
1.521363295614719391e-02
1.962518692016601562e-02
2.275607734918594360e-02
2.146629802882671356e-02
2.208004705607891083e-02
2.460958436131477356e-02
1.980476453900337219e-02
1.641607098281383514e-02
1.686099544167518616e-02
1.547243818640708923e-02
1.537830382585525513e-02
1.618080772459506989e-02
1.703940331935882568e-02
1.650707051157951355e-02
1.447196770459413528e-02
1.328587438911199570e-02
1.400805544108152390e-02
1.517671346664428711e-02
1.347616314888000488e-02
1.632396690547466278e-02
1.535549201071262360e-02
1.426384225487709045e-02
1.492802333086729050e-02
1.400699652731418610e-02
1.524321641772985458e-02
1.686937361955642700e-02
1.990660093724727631e-02
1.862712204456329346e-02
1.760254241526126862e-02
1.744893938302993774e-02
1.566926203668117523e-02
1.404207292944192886e-02
1.506285835057497025e-02
1.454568002372980118e-02
1.647225767374038696e-02
1.836264319717884064e-02
2.147881500422954559e-02
2.649806626141071320e-02
2.400464750826358795e-02
2.190891653299331665e-02
1.855877414345741272e-02
1.789473555982112885e-02
1.645449548959732056e-02
1.475286390632390976e-02
1.526889298111200333e-02
1.701078005135059357e-02
1.868556812405586243e-02
1.845900341868400574e-02
1.889862120151519775e-02
1.557359099388122559e-02
1.464449241757392883e-02
1.377690304070711136e-02
1.541774347424507141e-02
1.989837922155857086e-02
2.186584472656250000e-02
1.974330842494964600e-02
1.930386573076248169e-02
1.579840853810310364e-02
1.487591955810785294e-02
1.443930063396692276e-02
1.672563701868057251e-02
1.520279794931411743e-02
1.363377459347248077e-02
1.432408858090639114e-02
1.370378769934177399e-02
1.592293009161949158e-02
1.569324545562267303e-02
1.443793810904026031e-02
1.679767668247222900e-02
1.489114481955766678e-02
1.448386535048484802e-02
1.528718695044517517e-02
1.337485387921333313e-02
1.482359319925308228e-02
1.402394007891416550e-02
1.539306994527578354e-02
1.316233072429895401e-02
1.328937802463769913e-02
1.539638359099626541e-02
1.560958381742238998e-02
1.540090981870889664e-02
1.750478334724903107e-02
1.338069420307874680e-02
1.314110308885574341e-02
1.467466168105602264e-02
1.461545657366514206e-02
1.721701957285404205e-02
1.592971943318843842e-02
1.498091779649257660e-02
1.687419228255748749e-02
1.273201312869787216e-02
1.578702963888645172e-02
1.604681648313999176e-02
2.212642878293991089e-02
2.154764719307422638e-02
1.931609958410263062e-02
1.741364412009716034e-02
1.456054486334323883e-02
1.634226366877555847e-02
1.530583854764699936e-02
1.674304902553558350e-02
1.710644550621509552e-02
2.276961505413055420e-02
2.482354268431663513e-02
2.318890206515789032e-02
1.925452612340450287e-02
1.527546346187591553e-02
1.369248982518911362e-02
1.542450580745935440e-02
2.044747956097126007e-02
2.779754251241683960e-02
2.522454038262367249e-02
2.058748528361320496e-02
1.825811900198459625e-02
1.464779581874608994e-02
1.626520976424217224e-02
1.672496832907199860e-02
2.050970308482646942e-02
1.820609159767627716e-02
1.880571618676185608e-02
1.502893399447202682e-02
1.395495515316724777e-02
1.500497013330459595e-02
1.733558252453804016e-02
1.736508682370185852e-02
1.819339208304882050e-02
1.605039276182651520e-02
1.681668311357498169e-02
1.629617437720298767e-02
1.182914245873689651e-02
1.222294382750988007e-02
1.479676458984613419e-02
1.608217693865299225e-02
1.511346083134412766e-02
1.403519138693809509e-02
1.167357061058282852e-02
1.268818508833646774e-02
1.475231442600488663e-02
1.370585523545742035e-02
1.419780496507883072e-02
1.925473287701606750e-02
1.518919412046670914e-02
2.012923359870910645e-02
1.871863193809986115e-02
1.988677680492401123e-02
2.070225216448307037e-02
1.964475959539413452e-02
1.502276118844747543e-02
1.509657315909862518e-02
1.447441801428794861e-02
1.454990636557340622e-02
1.916474662721157074e-02
1.884516887366771698e-02
1.993632316589355469e-02
1.682700961828231812e-02
1.482113357633352280e-02
1.406182814389467239e-02
1.395215000957250595e-02
1.436395663768053055e-02
1.565366797149181366e-02
1.695993542671203613e-02
1.638101600110530853e-02
1.437532994896173477e-02
1.360961794853210449e-02
1.479966007173061371e-02
1.632952503859996796e-02
1.646721921861171722e-02
1.896891929209232330e-02
1.684942841529846191e-02
1.363791152834892273e-02
1.409413851797580719e-02
1.468884386122226715e-02
1.677501946687698364e-02
1.525038201361894608e-02
1.795949041843414307e-02
1.450682431459426880e-02
1.537417899817228317e-02
1.479213219135999680e-02
1.518957875669002533e-02
1.568697579205036163e-02
1.704589836299419403e-02
1.874561049044132233e-02
1.810682937502861023e-02
1.646741107106208801e-02
1.410126220434904099e-02
1.356085482984781265e-02
1.227756589651107788e-02
1.249416638165712357e-02
1.325207576155662537e-02
1.401283312588930130e-02
1.403618231415748596e-02
1.616945117712020874e-02
1.717110164463520050e-02
1.661465875804424286e-02
1.531573478132486343e-02
1.387181412428617477e-02
1.488063577562570572e-02
1.527563203126192093e-02
1.585976779460906982e-02
1.823084056377410889e-02
1.666221953928470612e-02
1.551209110766649246e-02
1.212570164352655411e-02
1.565655134618282318e-02
1.582711189985275269e-02
1.568585075438022614e-02
1.575038582086563110e-02
1.378902327269315720e-02
1.370297744870185852e-02
1.483707502484321594e-02
1.424637902528047562e-02
1.328825205564498901e-02
1.340664550662040710e-02
1.336512248963117599e-02
1.636332273483276367e-02
1.300602685660123825e-02
1.543857250362634659e-02
1.322361174970865250e-02
1.510560233145952225e-02
1.373297721147537231e-02
1.376331783831119537e-02
1.404839754104614258e-02
1.239655911922454834e-02
1.263068150728940964e-02
1.297633070498704910e-02
1.537591218948364258e-02
1.652805507183074951e-02
1.515071932226419449e-02
1.647999696433544159e-02
1.377061661332845688e-02
1.358494814485311508e-02
1.348917558789253235e-02
1.228715665638446808e-02
1.365524344146251678e-02
1.438953168690204620e-02
1.519682537764310837e-02
1.435312815010547638e-02
1.601906865835189819e-02
1.202060189098119736e-02
1.445474755018949509e-02
1.391837280243635178e-02
1.376162003725767136e-02
1.595315709710121155e-02
1.885820366442203522e-02
1.530504785478115082e-02
1.459060609340667725e-02
1.677757501602172852e-02
1.605042070150375366e-02
1.546759344637393951e-02
1.814324036240577698e-02
1.391598489135503769e-02
1.441829837858676910e-02
1.376433484256267548e-02
1.432895474135875702e-02
1.263976655900478363e-02
1.311586331576108932e-02
1.284811366349458694e-02
1.270462665706872940e-02
1.400938536971807480e-02
1.252731960266828537e-02
1.331921201199293137e-02
1.523104589432477951e-02
1.244407892227172852e-02
1.340930070728063583e-02
1.381252519786357880e-02
1.292564161121845245e-02
1.312348339706659317e-02
1.466395240277051926e-02
1.542768906801939011e-02
1.321408525109291077e-02
1.188843231648206711e-02
1.402610074728727341e-02
1.500159967690706253e-02
1.228384021669626236e-02
1.481905765831470490e-02
1.335774082690477371e-02
1.304842438548803329e-02
1.476375572383403778e-02
1.696479693055152893e-02
1.671663485467433929e-02
1.346386037766933441e-02
1.716398820281028748e-02
1.420356519520282745e-02
1.418523490428924561e-02
1.322373095899820328e-02
1.541708875447511673e-02
1.677537150681018829e-02
1.916459389030933380e-02
1.800324022769927979e-02
1.754497550427913666e-02
1.777205243706703186e-02
1.709531620144844055e-02
1.531014218926429749e-02
1.143492758274078369e-02
1.413645781576633453e-02
1.958226412534713745e-02
2.037096954882144928e-02
1.960178464651107788e-02
1.921177469193935394e-02
1.555947400629520416e-02
1.272669155150651932e-02
1.491497177630662918e-02
1.688467524945735931e-02
1.989554613828659058e-02
2.215592004358768463e-02
1.892201788723468781e-02
1.774176023900508881e-02
1.626780815422534943e-02
1.420032978057861328e-02
1.343571674078702927e-02
1.284308172762393951e-02
1.430821511894464493e-02
1.386911980807781219e-02
1.610546186566352844e-02
1.450246572494506836e-02
1.714441180229187012e-02
1.465380378067493439e-02
1.343009900301694870e-02
1.287835277616977692e-02
1.298549119383096695e-02
1.568099856376647949e-02
1.340838428586721420e-02
1.518097426742315292e-02
1.311288122087717056e-02
1.457151304930448532e-02
1.530907023698091507e-02
1.285753585398197174e-02
1.245206128805875778e-02
1.195800676941871643e-02
1.199844013899564743e-02
1.416389737278223038e-02
1.521438546478748322e-02
1.374133303761482239e-02
1.385808922350406647e-02
1.214931905269622803e-02
1.523403730243444443e-02
1.522092986851930618e-02
1.542196515947580338e-02
1.372623350471258163e-02
1.341750379651784897e-02
1.263632625341415405e-02
1.403788849711418152e-02
1.236443500965833664e-02
1.561531797051429749e-02
1.485947892069816589e-02
1.454570051282644272e-02
1.502373628318309784e-02
1.427330262959003448e-02
1.493275631219148636e-02
1.448723394423723221e-02
1.147092320024967194e-02
1.227714028209447861e-02
1.237657759338617325e-02
1.661217398941516876e-02
1.915638893842697144e-02
2.013457007706165314e-02
1.977100595831871033e-02
1.821054518222808838e-02
1.527014467865228653e-02
1.540110725909471512e-02
1.480173878371715546e-02
1.425358373671770096e-02
1.336603891104459763e-02
1.622078754007816315e-02
1.448843721300363541e-02
1.327112875878810883e-02
1.328066829591989517e-02
1.310103014111518860e-02
1.392080727964639664e-02
1.408591866493225098e-02
1.641420647501945496e-02
1.517689228057861328e-02
1.546679995954036713e-02
1.698204688727855682e-02
1.856545172631740570e-02
1.502978801727294922e-02
1.503094937652349472e-02
1.280706934630870819e-02
1.384061016142368317e-02
1.488381065428256989e-02
2.168384380638599396e-02
1.975998468697071075e-02
1.988255418837070465e-02
1.462927553802728653e-02
1.186327170580625534e-02
1.468997541815042496e-02
1.402663160115480423e-02
1.495436206459999084e-02
1.702738739550113678e-02
1.695661805570125580e-02
1.656538248062133789e-02
1.513100042939186096e-02
1.589732989668846130e-02
1.189635600894689560e-02
1.435573212802410126e-02
1.233002543449401855e-02
1.298703625798225403e-02
1.203907281160354614e-02
1.485242135822772980e-02
1.269737351685762405e-02
1.272564753890037537e-02
1.282750722020864487e-02
1.196033135056495667e-02
1.424194592982530594e-02
1.356511842459440231e-02
1.340311113744974136e-02
1.345870643854141235e-02
1.240553334355354309e-02
1.124900858849287033e-02
1.224637124687433243e-02
1.304681599140167236e-02
1.402221340686082840e-02
1.279735937714576721e-02
1.318331062793731689e-02
1.198669429868459702e-02
1.325180009007453918e-02
1.318087335675954819e-02
1.268343441188335419e-02
1.280517876148223877e-02
1.297317259013652802e-02
1.159080862998962402e-02
1.196006778627634048e-02
1.302426028996706009e-02
1.214261446148157120e-02
1.281855721026659012e-02
1.261012442409992218e-02
1.219623629003763199e-02
1.703366637229919434e-02
1.293927710503339767e-02
1.186876371502876282e-02
1.318445336073637009e-02
1.299934461712837219e-02
1.283266674727201462e-02
1.138411462306976318e-02
1.191800367087125778e-02
1.344196777790784836e-02
1.254598051309585571e-02
1.084638386964797974e-02
1.153405196964740753e-02
1.241909060627222061e-02
1.251963246613740921e-02
1.214540749788284302e-02
1.338441390544176102e-02
1.208902429789304733e-02
1.212489046156406403e-02
1.296981703490018845e-02
1.132923457771539688e-02
1.496762689203023911e-02
1.381624117493629456e-02
1.760071143507957458e-02
1.340379752218723297e-02
1.213280018419027328e-02
1.301224995404481888e-02
1.326004229485988617e-02
1.224668323993682861e-02
1.375919859856367111e-02
1.322391256690025330e-02
1.263315230607986450e-02
1.289881393313407898e-02
1.155611034482717514e-02
1.521032769232988358e-02
1.412807498127222061e-02
1.195377949625253677e-02
1.362677942961454391e-02
1.192949339747428894e-02
1.366297248750925064e-02
1.263008452951908112e-02
1.243552472442388535e-02
1.268046349287033081e-02
1.139690447598695755e-02
1.231944561004638672e-02
1.284444332122802734e-02
1.526151876896619797e-02
1.353567745536565781e-02
1.247098576277494431e-02
1.138407923281192780e-02
1.173183415085077286e-02
1.113105285912752151e-02
1.244384236633777618e-02
1.287940330803394318e-02
1.332079153507947922e-02
1.309781614691019058e-02
1.314194500446319580e-02
1.277849823236465454e-02
1.393196079879999161e-02
1.170671079307794571e-02
1.141270715743303299e-02
1.389538869261741638e-02
1.396484207361936569e-02
1.567291095852851868e-02
1.524421200156211853e-02
1.399829145520925522e-02
1.228347700089216232e-02
1.184716168791055679e-02
1.243956852704286575e-02
1.323300506919622421e-02
1.350285392254590988e-02
1.384713128209114075e-02
1.423795148730278015e-02
1.261572632938623428e-02
1.228864677250385284e-02
1.192173082381486893e-02
1.442742627114057541e-02
1.285772491246461868e-02
1.365480665117502213e-02
1.417034398764371872e-02
1.236918661743402481e-02
1.332350075244903564e-02
1.243971381336450577e-02
1.130664627999067307e-02
1.408777292817831039e-02
1.354688126593828201e-02
1.310976687818765640e-02
1.212591771036386490e-02
1.240183599293231964e-02
1.304096449166536331e-02
1.387937087565660477e-02
1.267008390277624130e-02
1.064462866634130478e-02
1.158080156892538071e-02
1.336741074919700623e-02
1.442482694983482361e-02
1.888093166053295135e-02
2.012268081307411194e-02
1.807303354144096375e-02
1.606615819036960602e-02
1.406620442867279053e-02
1.259033661335706711e-02
1.277510914951562881e-02
1.604599878191947937e-02
1.993233710527420044e-02
2.129839546978473663e-02
1.926669664680957794e-02
1.591618917882442474e-02
1.310505531728267670e-02
1.198620256036520004e-02
1.191003993153572083e-02
1.540746353566646576e-02
1.725413650274276733e-02
1.516796462237834930e-02
1.450946368277072906e-02
1.474929228425025940e-02
1.218893937766551971e-02
1.352639775723218918e-02
1.474471017718315125e-02
1.858501881361007690e-02
1.896970719099044800e-02
1.356826815754175186e-02
1.071171183139085770e-02
1.264064759016036987e-02
1.390624232590198517e-02
1.597832515835762024e-02
1.812041737139225006e-02
1.510174758732318878e-02
1.462807133793830872e-02
1.170970872044563293e-02
1.272760517895221710e-02
1.202942430973052979e-02
1.308933459222316742e-02
1.215162221342325211e-02
1.035264972597360611e-02
1.479707472026348114e-02
1.398729160428047180e-02
1.381623279303312302e-02
1.369766145944595337e-02
1.381268911063671112e-02
1.197948027402162552e-02
1.252149045467376709e-02
1.729379035532474518e-02
1.675359718501567841e-02
1.684163138270378113e-02
1.305465400218963623e-02
1.289305370301008224e-02
1.228937320411205292e-02
1.222527958452701569e-02
1.320573035627603531e-02
1.327399909496307373e-02
1.382372714579105377e-02
1.230935193598270416e-02
1.325121894478797913e-02
1.263536605983972549e-02
1.308591198176145554e-02
1.859087496995925903e-02
1.532408408820629120e-02
1.676130853593349457e-02
1.373983547091484070e-02
1.266441773623228073e-02
1.166401244699954987e-02
1.301774010062217712e-02
1.477732975035905838e-02
1.742866076529026031e-02
1.786843314766883850e-02
1.545385736972093582e-02
1.371658500283956528e-02
1.196594722568988800e-02
1.277731824666261673e-02
1.126909069716930389e-02
1.233410649001598358e-02
1.297709904611110687e-02
1.234215311706066132e-02
1.388744916766881943e-02
1.434464100748300552e-02
1.563098467886447906e-02
1.401040144264698029e-02
1.217731926590204239e-02
1.121105160564184189e-02
1.425397116690874100e-02
1.566307991743087769e-02
2.046373859047889709e-02
1.607424020767211914e-02
1.343807019293308258e-02
1.408396754413843155e-02
1.403816230595111847e-02
1.334668137133121490e-02
1.691600680351257324e-02
1.653392426669597626e-02
1.269276812672615051e-02
1.205024588853120804e-02
1.352592371404170990e-02
1.602166704833507538e-02
1.497779786586761475e-02
1.443575602024793625e-02
1.403068471699953079e-02
1.223772205412387848e-02
1.225258782505989075e-02
1.641548238694667816e-02
1.459139958024024963e-02
1.347097940742969513e-02
1.395775750279426575e-02
1.161390170454978943e-02
1.069086045026779175e-02
1.188085135072469711e-02
1.224182732403278351e-02
1.264311280101537704e-02
1.195193640887737274e-02
1.311816368252038956e-02
1.319647673517465591e-02
1.093230582773685455e-02
1.183457206934690475e-02
1.178451161831617355e-02
1.329313311725854874e-02
1.284511666744947433e-02
1.161716319620609283e-02
1.211999170482158661e-02
1.037103310227394104e-02
1.296837441623210907e-02
1.122349593788385391e-02
1.190410275012254715e-02
1.056300662457942963e-02
1.112350821495056152e-02
1.147565431892871857e-02
1.180490944534540176e-02
1.274798717349767685e-02
1.132125779986381531e-02
1.161453034728765488e-02
1.210408844053745270e-02
1.078335102647542953e-02
1.583918184041976929e-02
1.187727507203817368e-02
1.162356697022914886e-02
1.328543759882450104e-02
1.009353995323181152e-02
1.077104918658733368e-02
1.464274805039167404e-02
1.092415209859609604e-02
1.383881457149982452e-02
1.264935918152332306e-02
1.262500323355197906e-02
1.220838632434606552e-02
1.551813445985317230e-02
1.545322686433792114e-02
1.424965634942054749e-02
1.444449089467525482e-02
1.091374363750219345e-02
1.474033854901790619e-02
1.467122416943311691e-02
1.605303399264812469e-02
1.444311346858739853e-02
1.200919598340988159e-02
1.221550535410642624e-02
1.417642924934625626e-02
1.728259772062301636e-02
1.722856797277927399e-02
1.625915057957172394e-02
1.426610909402370453e-02
1.068748719990253448e-02
1.255360338836908340e-02
1.312005985528230667e-02
1.158554293215274811e-02
1.370850857347249985e-02
1.177684124559164047e-02
1.101495698094367981e-02
1.350768562406301498e-02
1.081947237253189087e-02
1.053110603243112564e-02
1.121825538575649261e-02
1.182690355926752090e-02
1.018540561199188232e-02
1.107295788824558258e-02
1.172962225973606110e-02
1.475769095122814178e-02
1.270655728876590729e-02
1.466719619929790497e-02
1.103304605931043625e-02
1.308110542595386505e-02
1.165151596069335938e-02
1.447190251201391220e-02
1.361311599612236023e-02
1.434035692363977432e-02
1.260628737509250641e-02
1.211568806320428848e-02
1.073017623275518417e-02
1.201784051954746246e-02
1.198311615735292435e-02
1.235083397477865219e-02
1.136989425867795944e-02
1.135304011404514313e-02
1.102452073246240616e-02
1.196481566876173019e-02
1.153211761265993118e-02
1.118692383170127869e-02
1.245208084583282471e-02
1.291121356189250946e-02
1.053808443248271942e-02
1.038712356239557266e-02
1.207302138209342957e-02
1.209830399602651596e-02
1.188868097960948944e-02
1.159120164811611176e-02
1.135026756674051285e-02
1.245967485010623932e-02
1.298991311341524124e-02
1.140218786895275116e-02
1.269115228205919266e-02
1.068540476262569427e-02
1.300454046577215195e-02
1.190890278667211533e-02
1.409327518194913864e-02
1.228996086865663528e-02
1.266228500753641129e-02
1.131832040846347809e-02
1.280585024505853653e-02
1.282573491334915161e-02
1.222628820687532425e-02
1.354464702308177948e-02
1.318232901394367218e-02
1.231168117374181747e-02
1.274264696985483170e-02
1.102583762258291245e-02
1.239708997309207916e-02
1.579869352281093597e-02
1.420338265597820282e-02
1.437808759510517120e-02
1.437011361122131348e-02
1.366068888455629349e-02
9.953679516911506653e-03
1.280649472028017044e-02
1.215591095387935638e-02
1.293794624507427216e-02
1.284262537956237793e-02
1.351362187415361404e-02
1.317919138818979263e-02
1.166503224521875381e-02
1.113623753190040588e-02
1.112299412488937378e-02
1.351588312536478043e-02
1.323613431304693222e-02
1.235163491219282150e-02
1.222185418009757996e-02
1.386210042983293533e-02
1.236655283719301224e-02
1.246566139161586761e-02
1.151844207197427750e-02
1.177983079105615616e-02
1.282722316682338715e-02
1.247062161564826965e-02
1.260994747281074524e-02
1.195122767239809036e-02
1.097161509096622467e-02
1.170000154525041580e-02
1.133335847407579422e-02
1.190166082233190536e-02
1.193895842880010605e-02
1.090001128613948822e-02
1.214026566594839096e-02
1.068578567355871201e-02
1.227441523224115372e-02
1.103920489549636841e-02
1.224837359040975571e-02
1.100706588476896286e-02
1.142400503158569336e-02
1.212630700320005417e-02
1.165572740137577057e-02
1.236557215452194214e-02
1.258459594100713730e-02
1.101993303745985031e-02
1.232451852411031723e-02
1.066111214458942413e-02
1.233576517552137375e-02
1.033149007707834244e-02
1.012345217168331146e-02
1.120119076222181320e-02
1.266007963567972183e-02
1.143912412226200104e-02
1.207728590816259384e-02
1.122971437871456146e-02
1.157028879970312119e-02
1.300022192299365997e-02
1.200956944376230240e-02
1.220401469618082047e-02
1.053004153072834015e-02
1.198455132544040680e-02
1.202082354575395584e-02
1.040040422230958939e-02
9.994574822485446930e-03
9.812589734792709351e-03
1.167286932468414307e-02
1.229136437177658081e-02
1.319149509072303772e-02
1.146589126437902451e-02
1.099590677767992020e-02
1.152726449072360992e-02
1.021259184926748276e-02
1.010258588939905167e-02
1.336113084107637405e-02
1.425302866846323013e-02
1.243944559246301651e-02
1.045428961515426636e-02
1.232492830604314804e-02
1.351894438266754150e-02
1.272522844374179840e-02
1.239237654954195023e-02
1.301883999258279800e-02
1.130887772887945175e-02
1.145301572978496552e-02
1.189104374498128891e-02
1.456388924270868301e-02
1.623308286070823669e-02
1.304200571030378342e-02
1.281380746513605118e-02
1.104189176112413406e-02
1.235989946871995926e-02
1.424127910286188126e-02
1.448871102184057236e-02
1.382315345108509064e-02
1.414790656417608261e-02
1.154761482030153275e-02
1.151423808187246323e-02
1.048782467842102051e-02
1.105824112892150879e-02
1.151942089200019836e-02
1.122655253857374191e-02
1.170159131288528442e-02
1.151348836719989777e-02
1.407566480338573456e-02
1.076400931924581528e-02
1.212010532617568970e-02
1.044064853340387344e-02
1.199403312057256699e-02
1.135972701013088226e-02
1.214099582284688950e-02
1.110395882278680801e-02
1.116606220602989197e-02
1.204335223883390427e-02
1.101612765341997147e-02
1.063024066388607025e-02
1.291952561587095261e-02
1.137018855661153793e-02
1.048310752958059311e-02
9.825478307902812958e-03
1.244928129017353058e-02
1.078688167035579681e-02
1.204154640436172485e-02
1.060293707996606827e-02
1.088906638324260712e-02
1.300907414406538010e-02
1.129743270576000214e-02
1.126360613852739334e-02
1.077153999358415604e-02
1.170494593679904938e-02
1.431693695485591888e-02
1.137728989124298096e-02
1.259564701467752457e-02
9.920921176671981812e-03
1.091862097382545471e-02
1.075734756886959076e-02
1.228597573935985565e-02
1.242461986839771271e-02
1.110661495476961136e-02
