1.133858013153076172e+01
1.034909534454345703e+01
1.015835285186767578e+01
1.114879417419433594e+01
1.061765670776367188e+01
1.069908714294433594e+01
1.039912796020507812e+01
1.039985847473144531e+01
9.914366722106933594e+00
1.165524482727050781e+01
1.077458763122558594e+01
1.110841464996337891e+01
9.909427642822265625e+00
1.014747619628906250e+01
1.015916061401367188e+01
9.796004295349121094e+00
1.031373596191406250e+01
1.145286083221435547e+01
1.086438274383544922e+01
1.098911762237548828e+01
1.015883636474609375e+01
1.095113945007324219e+01
9.757311820983886719e+00
1.032035446166992188e+01
9.680562973022460938e+00
1.083486557006835938e+01
1.021925640106201172e+01
9.824517250061035156e+00
9.393593788146972656e+00
1.027141761779785156e+01
9.691692352294921875e+00
8.975230216979980469e+00
9.716245651245117188e+00
8.856989860534667969e+00
8.716445922851562500e+00
8.361461639404296875e+00
7.888620376586914062e+00
8.156239509582519531e+00
6.927636623382568359e+00
5.963336467742919922e+00
5.839372634887695312e+00
5.341994285583496094e+00
5.129893779754638672e+00
5.780980110168457031e+00
4.146053791046142578e+00
4.027160167694091797e+00
4.014286518096923828e+00
2.659416437149047852e+00
3.431961536407470703e+00
1.901460647583007812e+00
1.866837263107299805e+00
1.532977700233459473e+00
9.734209179878234863e-01
1.559256076812744141e+00
8.386021256446838379e-01
1.556524872779846191e+00
1.398554444313049316e+00
1.170932054519653320e+00
1.414304852485656738e+00
9.038243889808654785e-01
1.366047620773315430e+00
6.228438019752502441e-01
1.002904891967773438e+00
4.880658686161041260e-01
7.116715312004089355e-01
4.268488585948944092e-01
6.788552999496459961e-01
4.274471402168273926e-01
5.405522584915161133e-01
4.144965708255767822e-01
5.712014436721801758e-01
4.383844733238220215e-01
4.757363796234130859e-01
3.907687067985534668e-01
3.777589499950408936e-01
2.958672940731048584e-01
3.604738414287567139e-01
2.581676244735717773e-01
2.550109326839447021e-01
2.259595096111297607e-01
2.556442022323608398e-01
2.180260419845581055e-01
2.625770866870880127e-01
2.435469776391983032e-01
2.125518023967742920e-01
2.346595674753189087e-01
2.048777639865875244e-01
2.149495929479598999e-01
2.299379557371139526e-01
1.965796351432800293e-01
1.700758934020996094e-01
1.695999950170516968e-01
1.832638531923294067e-01
1.632785946130752563e-01
1.536057293415069580e-01
1.757111400365829468e-01
1.570763438940048218e-01
1.640560626983642578e-01
1.716594994068145752e-01
1.406402736902236938e-01
1.347693204879760742e-01
1.409503966569900513e-01
1.507776975631713867e-01
1.384505331516265869e-01
1.527421772480010986e-01
1.635318398475646973e-01
1.338621079921722412e-01
1.484516710042953491e-01
1.455413848161697388e-01
1.350186318159103394e-01
1.243510246276855469e-01
1.196859031915664673e-01
1.590787321329116821e-01
1.241294518113136292e-01
1.340243220329284668e-01
1.015523001551628113e-01
1.219981089234352112e-01
1.168073564767837524e-01
1.271511763334274292e-01
1.080260351300239563e-01
1.243410408496856689e-01
1.315240114927291870e-01
1.253022402524948120e-01
1.258167326450347900e-01
1.108636781573295593e-01
1.507288515567779541e-01
1.421787738800048828e-01
1.085973605513572693e-01
1.514458507299423218e-01
1.062123551964759827e-01
8.825924992561340332e-02
1.026789173483848572e-01
9.312053769826889038e-02
1.086014360189437866e-01
1.250351369380950928e-01
1.123307943344116211e-01
1.190657243132591248e-01
1.137950494885444641e-01
9.479465335607528687e-02
1.050696596503257751e-01
8.696538209915161133e-02
9.269642084836959839e-02
9.899643808603286743e-02
8.238981664180755615e-02
9.205084294080734253e-02
1.078436076641082764e-01
8.899539709091186523e-02
1.173917576670646667e-01
1.094777286052703857e-01
9.200500696897506714e-02
1.026522889733314514e-01
8.263119310140609741e-02
1.302667260169982910e-01
1.098340749740600586e-01
8.303667604923248291e-02
1.179408282041549683e-01
8.967739343643188477e-02
8.440352976322174072e-02
1.373599767684936523e-01
8.436167240142822266e-02
8.270119130611419678e-02
1.078724265098571777e-01
9.345223009586334229e-02
1.080447435379028320e-01
1.073184683918952942e-01
8.485461771488189697e-02
8.259379863739013672e-02
1.018083542585372925e-01
7.983664423227310181e-02
7.742690294981002808e-02
9.266983717679977417e-02
8.037772029638290405e-02
9.866103529930114746e-02
7.450698316097259521e-02
6.848729401826858521e-02
7.774724066257476807e-02
7.196833193302154541e-02
5.905622616410255432e-02
7.926529645919799805e-02
5.928590148687362671e-02
6.771855801343917847e-02
8.015008270740509033e-02
7.726309448480606079e-02
6.807780265808105469e-02
5.922210589051246643e-02
6.919927895069122314e-02
7.016544789075851440e-02
5.906450748443603516e-02
6.781067699193954468e-02
5.942334234714508057e-02
6.000660732388496399e-02
6.644314527511596680e-02
7.045806199312210083e-02
5.560126528143882751e-02
5.620823800563812256e-02
6.899748742580413818e-02
5.507883802056312561e-02
6.087100878357887268e-02
6.163486093282699585e-02
7.027129083871841431e-02
5.872435495257377625e-02
5.537173151969909668e-02
4.751057177782058716e-02
6.051585078239440918e-02
5.325680226087570190e-02
5.963014438748359680e-02
5.454298108816146851e-02
6.216714158654212952e-02
5.761234834790229797e-02
5.182911455631256104e-02
5.819646269083023071e-02
6.961496919393539429e-02
5.971110984683036804e-02
5.401795357465744019e-02
4.813072085380554199e-02
4.761865362524986267e-02
5.729441717267036438e-02
4.698422923684120178e-02
4.985215887427330017e-02
6.037861108779907227e-02
5.079675838351249695e-02
4.759042710065841675e-02
5.562992021441459656e-02
4.722188785672187805e-02
4.242819175124168396e-02
4.976990818977355957e-02
6.629350036382675171e-02
8.026942610740661621e-02
5.698949843645095825e-02
5.061824992299079895e-02
4.836445301771163940e-02
4.587287455797195435e-02
4.514056444168090820e-02
5.976031720638275146e-02
7.137525081634521484e-02
6.917688995599746704e-02
7.676289975643157959e-02
4.775203764438629150e-02
4.385860264301300049e-02
4.835414513945579529e-02
5.781574174761772156e-02
5.813318490982055664e-02
4.486352577805519104e-02
4.268208891153335571e-02
6.416159868240356445e-02
8.132019639015197754e-02
9.625584632158279419e-02
7.032230496406555176e-02
4.966622218489646912e-02
4.456911236047744751e-02
4.602060839533805847e-02
5.205619335174560547e-02
5.022468417882919312e-02
6.430101394653320312e-02
5.151431262493133545e-02
4.159200564026832581e-02
4.546885192394256592e-02
7.325467467308044434e-02
9.570079296827316284e-02
8.596765995025634766e-02
5.302020907402038574e-02
4.337672516703605652e-02
6.526400148868560791e-02
9.844839572906494141e-02
8.105351775884628296e-02
5.809399113059043884e-02
3.773170709609985352e-02
5.084917694330215454e-02
7.354784756898880005e-02
7.048106193542480469e-02
5.628220736980438232e-02
4.631189256906509399e-02
4.601686447858810425e-02
4.610215127468109131e-02
4.809055849909782410e-02
4.099303483963012695e-02
3.727909177541732788e-02
4.125088080763816833e-02
3.749316185712814331e-02
3.612850978970527649e-02
4.908344149589538574e-02
5.748359858989715576e-02
6.223718076944351196e-02
5.498966947197914124e-02
5.407926440238952637e-02
5.184323713183403015e-02
3.765289112925529480e-02
3.237092494964599609e-02
4.114128649234771729e-02
4.258015751838684082e-02
4.513549432158470154e-02
6.211423873901367188e-02
5.493054166436195374e-02
5.438247695565223694e-02
4.588584601879119873e-02
3.996682539582252502e-02
3.575082495808601379e-02
4.048302024602890015e-02
3.208843246102333069e-02
3.809345141053199768e-02
3.423950821161270142e-02
4.053355008363723755e-02
3.838790580630302429e-02
5.933219939470291138e-02
7.835809141397476196e-02
8.225870877504348755e-02
8.242062479257583618e-02
7.249283790588378906e-02
6.716928631067276001e-02
5.435842648148536682e-02
3.316877409815788269e-02
3.359690681099891663e-02
4.100200906395912170e-02
4.259606450796127319e-02
3.299321606755256653e-02
4.758970066905021667e-02
3.852550312876701355e-02
3.287196159362792969e-02
3.140870854258537292e-02
3.709471970796585083e-02
3.585616126656532288e-02
4.030329361557960510e-02
3.730490058660507202e-02
3.372310101985931396e-02
3.501875698566436768e-02
2.955387905240058899e-02
3.281346336007118225e-02
3.145012259483337402e-02
4.271197319030761719e-02
3.683748096227645874e-02
4.092057421803474426e-02
3.554793074727058411e-02
2.411688119173049927e-02
3.932136669754981995e-02
3.196185827255249023e-02
3.366695716977119446e-02
2.619361691176891327e-02
2.595217153429985046e-02
2.698244340717792511e-02
3.374705091118812561e-02
2.514136768877506256e-02
2.659276500344276428e-02
3.382183983922004700e-02
3.179261460900306702e-02
2.964699082076549530e-02
3.780458122491836548e-02
4.565277695655822754e-02
6.759691238403320312e-02
8.939493447542190552e-02
1.058591455221176147e-01
1.240952834486961365e-01
1.166319549083709717e-01
1.082795783877372742e-01
8.282336592674255371e-02
4.716362059116363525e-02
3.037495724856853485e-02
4.807328060269355774e-02
8.444745838642120361e-02
1.114762648940086365e-01
1.008141115307807922e-01
6.675272434949874878e-02
3.799123689532279968e-02
2.671833895146846771e-02
3.745802491903305054e-02
5.949045345187187195e-02
5.523157864809036255e-02
4.111845046281814575e-02
3.904464095830917358e-02
3.189126402139663696e-02
4.519385844469070435e-02
2.688250690698623657e-02
2.845283225178718567e-02
3.577840328216552734e-02
4.385122656822204590e-02
3.321069478988647461e-02
3.717424720525741577e-02
4.938286170363426208e-02
5.141353607177734375e-02
4.333622381091117859e-02
3.555348515510559082e-02
3.115797042846679688e-02
3.783930465579032898e-02
3.544076159596443176e-02
4.637743905186653137e-02
5.117052048444747925e-02
4.603322222828865051e-02
3.830447047948837280e-02
3.343173116445541382e-02
2.783677540719509125e-02
2.447159402072429657e-02
2.768300287425518036e-02
2.894649654626846313e-02
2.849400974810123444e-02
3.805195912718772888e-02
3.702919930219650269e-02
3.714925795793533325e-02
5.000440776348114014e-02
4.762046784162521362e-02
4.998128861188888550e-02
5.230095610022544861e-02
4.555802419781684875e-02
3.199312090873718262e-02
2.260637469589710236e-02
3.503281995654106140e-02
6.149601936340332031e-02
7.840489596128463745e-02
9.026165306568145752e-02
9.840913861989974976e-02
7.041605561971664429e-02
4.732631146907806396e-02
2.449800632894039154e-02
3.102379292249679565e-02
4.078574851155281067e-02
5.761849135160446167e-02
5.386987328529357910e-02
3.984871134161949158e-02
2.900817804038524628e-02
2.325750514864921570e-02
2.910990826785564423e-02
3.258319199085235596e-02
3.110926970839500427e-02
3.037061356008052826e-02
3.546530008316040039e-02
3.728221356868743896e-02
3.287719190120697021e-02
2.325601316988468170e-02
3.055000863969326019e-02
4.228113964200019836e-02
4.331254586577415466e-02
3.459542617201805115e-02
2.860950306057929993e-02
2.408209629356861115e-02
3.170026838779449463e-02
2.400425635278224945e-02
2.363054826855659485e-02
2.720150351524353027e-02
2.257039584219455719e-02
2.892506122589111328e-02
2.794032730162143707e-02
2.536220662295818329e-02
2.108212187886238098e-02
2.876062691211700439e-02
2.925835922360420227e-02
2.959674224257469177e-02
3.399855643510818481e-02
2.387721464037895203e-02
2.168510854244232178e-02
2.495094016194343567e-02
2.314312197268009186e-02
3.549101576209068298e-02
2.545153908431529999e-02
4.202757775783538818e-02
2.916852384805679321e-02
3.163298219442367554e-02
3.478646278381347656e-02
3.144421055912971497e-02
3.211361914873123169e-02
2.898989804089069366e-02
2.532022446393966675e-02
3.044128231704235077e-02
2.824838645756244659e-02
3.183743357658386230e-02
3.803821280598640442e-02
4.482253268361091614e-02
5.590214952826499939e-02
7.275175303220748901e-02
9.235969185829162598e-02
1.026645973324775696e-01
1.120804622769355774e-01
1.009190678596496582e-01
7.515019923448562622e-02
6.436544656753540039e-02
2.882415987551212311e-02
2.640718594193458557e-02
3.940470144152641296e-02
6.201942637562751770e-02
8.699934929609298706e-02
9.379823505878448486e-02
7.047381997108459473e-02
4.882652685046195984e-02
2.790929935872554779e-02
2.121698670089244843e-02
2.837266214191913605e-02
3.728006035089492798e-02
4.191257432103157043e-02
3.595601394772529602e-02
2.612712606787681580e-02
2.140641584992408752e-02
2.443883940577507019e-02
3.554938361048698425e-02
5.053026601672172546e-02
5.475568771362304688e-02
5.373296141624450684e-02
4.069883003830909729e-02
3.544589504599571228e-02
2.695609070360660553e-02
1.906760036945343018e-02
3.368958458304405212e-02
3.257472813129425049e-02
3.940783068537712097e-02
4.538960009813308716e-02
4.657464846968650818e-02
3.485332056879997253e-02
2.965865097939968109e-02
2.380859293043613434e-02
2.393218688666820526e-02
2.637495473027229309e-02
3.726829960942268372e-02
4.498038068413734436e-02
4.984827339649200439e-02
4.532083868980407715e-02
3.868696838617324829e-02
2.435108646750450134e-02
2.458760328590869904e-02
2.191704697906970978e-02
3.042287938296794891e-02
2.591560408473014832e-02
2.552644535899162292e-02
2.943991497159004211e-02
2.731528691947460175e-02
2.107260748744010925e-02
2.259882725775241852e-02
2.571104653179645538e-02
4.389290139079093933e-02
3.987145423889160156e-02
4.102301970124244690e-02
3.417411074042320251e-02
2.443142421543598175e-02
2.313211187720298767e-02
2.396448142826557159e-02
3.569881618022918701e-02
5.109003186225891113e-02
4.378462210297584534e-02
3.109829500317573547e-02
2.048105746507644653e-02
2.610077150166034698e-02
3.856260702013969421e-02
7.163635641336441040e-02
8.501358330249786377e-02
7.961572706699371338e-02
5.078155547380447388e-02
2.268697880208492279e-02
1.861987635493278503e-02
4.136133193969726562e-02
6.418579816818237305e-02
8.567664027214050293e-02
8.649960160255432129e-02
6.913782656192779541e-02
3.683858364820480347e-02
3.063653409481048584e-02
3.031363897025585175e-02
6.582573056221008301e-02
9.060259908437728882e-02
8.927021920680999756e-02
5.740573257207870483e-02
2.486419491469860077e-02
3.016788698732852936e-02
4.228091984987258911e-02
6.193190068006515503e-02
6.517199426889419556e-02
4.960417002439498901e-02
2.507301606237888336e-02
2.017458342015743256e-02
3.411434590816497803e-02
5.381312966346740723e-02
5.121938511729240417e-02
4.207490012049674988e-02
2.171986922621726990e-02
2.552574127912521362e-02
3.631339594721794128e-02
4.062887653708457947e-02
3.151132911443710327e-02
2.132281102240085602e-02
2.059584669768810272e-02
2.489357441663742065e-02
2.427445538341999054e-02
2.625708281993865967e-02
2.092576958239078522e-02
2.572203986346721649e-02
1.992343924939632416e-02
2.528928592801094055e-02
3.640245646238327026e-02
2.088230475783348083e-02
2.466898970305919647e-02
2.695393748581409454e-02
2.194296382367610931e-02
2.754515781998634338e-02
1.733529381453990936e-02
1.954846456646919250e-02
2.203715778887271881e-02
1.948381029069423676e-02
2.362730354070663452e-02
2.064657583832740784e-02
2.075223438441753387e-02
2.060838975012302399e-02
2.633254043757915497e-02
3.412293642759323120e-02
2.985590696334838867e-02
2.805638872087001801e-02
2.443677000701427460e-02
1.616216264665126801e-02
2.033952437341213226e-02
2.650298178195953369e-02
2.283077873289585114e-02
1.629610359668731689e-02
1.930396258831024170e-02
3.190709650516510010e-02
4.652236402034759521e-02
4.576966911554336548e-02
4.627272859215736389e-02
3.279832378029823303e-02
2.028619498014450073e-02
1.835638284683227539e-02
2.516342326998710632e-02
3.239618614315986633e-02
3.049162402749061584e-02
2.734737098217010498e-02
2.771443128585815430e-02
2.106390893459320068e-02
1.694596000015735626e-02
3.950035944581031799e-02
1.846787892282009125e-02
2.288567833602428436e-02
1.713480427861213684e-02
1.837429031729698181e-02
1.823568716645240784e-02
1.680674776434898376e-02
1.841549761593341827e-02
1.961690001189708710e-02
1.764506287872791290e-02
1.954684220254421234e-02
1.564383506774902344e-02
1.690974272787570953e-02
1.845016703009605408e-02
2.172197587788105011e-02
2.220321819186210632e-02
2.558818459510803223e-02
1.772364601492881775e-02
1.968696527183055878e-02
1.587159186601638794e-02
1.983471401035785675e-02
2.123890817165374756e-02
1.883808523416519165e-02
1.888304762542247772e-02
1.776670478284358978e-02
1.748939417302608490e-02
1.650737971067428589e-02
1.975135318934917450e-02
1.861508190631866455e-02
1.817653700709342957e-02
1.506391447037458420e-02
1.966237090528011322e-02
1.971838809549808502e-02
2.099987864494323730e-02
1.781789958477020264e-02
1.873469538986682892e-02
1.977348700165748596e-02
1.920389384031295776e-02
2.135271206498146057e-02
1.719011180102825165e-02
1.651808805763721466e-02
2.384281903505325317e-02
1.857865229249000549e-02
2.212378010153770447e-02
2.164246700704097748e-02
1.906281709671020508e-02
1.639776490628719330e-02
2.050473354756832123e-02
1.971942000091075897e-02
2.553575113415718079e-02
1.726579852402210236e-02
1.772760786116123199e-02
2.981068752706050873e-02
2.386030182242393494e-02
3.138013184070587158e-02
3.728224337100982666e-02
4.416656121611595154e-02
5.393559113144874573e-02
5.066128447651863098e-02
5.084418132901191711e-02
3.245554864406585693e-02
2.364506199955940247e-02
1.651113666594028473e-02
1.632483676075935364e-02
2.499300241470336914e-02
3.315380215644836426e-02
4.376313835382461548e-02
4.107528552412986755e-02
4.422309622168540955e-02
3.521032631397247314e-02
2.733383327722549438e-02
2.289723046123981476e-02
1.945778727531433105e-02
1.825068518519401550e-02
1.899609342217445374e-02
2.210273593664169312e-02
3.396797180175781250e-02
4.081829637289047241e-02
4.621356725692749023e-02
4.315198957920074463e-02
3.131401911377906799e-02
2.238117344677448273e-02
1.720342226326465607e-02
1.740283146500587463e-02
2.468827180564403534e-02
2.237824909389019012e-02
1.743617467582225800e-02
1.988616026937961578e-02
1.621777936816215515e-02
1.519636157900094986e-02
1.691058464348316193e-02
1.764583028852939606e-02
2.136972919106483459e-02
2.032078802585601807e-02
2.347435615956783295e-02
2.487227506935596466e-02
1.578825712203979492e-02
2.022896520793437958e-02
3.023188374936580658e-02
3.172694519162178040e-02
3.247714042663574219e-02
3.056676127016544342e-02
2.327094599604606628e-02
2.140025235712528229e-02
1.801958866417407990e-02
1.687643676996231079e-02
3.210369125008583069e-02
1.468859054148197174e-02
1.651159673929214478e-02
1.459326595067977905e-02
1.794955879449844360e-02
1.432370953261852264e-02
1.960084214806556702e-02
1.588419079780578613e-02
1.461315713822841644e-02
1.911208033561706543e-02
2.101431041955947876e-02
2.273178659379482269e-02
2.657370083034038544e-02
2.857880666851997375e-02
3.640463575720787048e-02
2.990226633846759796e-02
2.380475960671901703e-02
2.182621695101261139e-02
1.740400120615959167e-02
2.482836879789829254e-02
4.198579490184783936e-02
5.735679715871810913e-02
6.913228332996368408e-02
7.104896008968353271e-02
6.064592674374580383e-02
4.178421944379806519e-02
2.300169877707958221e-02
1.600634679198265076e-02
2.089983783662319183e-02
3.507267683744430542e-02
4.448550567030906677e-02
4.796960949897766113e-02
4.959185048937797546e-02
3.755719214677810669e-02
2.864845842123031616e-02
1.809228211641311646e-02
1.629096269607543945e-02
2.112697251141071320e-02
3.273193910717964172e-02
3.793778643012046814e-02
3.906121477484703064e-02
2.976887114346027374e-02
2.773183025419712067e-02
2.390239574015140533e-02
1.644588448107242584e-02
2.431618422269821167e-02
2.976499497890472412e-02
3.268006443977355957e-02
3.227503225207328796e-02
2.998255938291549683e-02
2.101322263479232788e-02
1.985392719507217407e-02
1.788765005767345428e-02
1.905091851949691772e-02
2.001879736781120300e-02
2.036139555275440216e-02
2.317162789404392242e-02
2.284508012235164642e-02
1.962547004222869873e-02
1.962015032768249512e-02
1.576684042811393738e-02
1.800745725631713867e-02
1.750372350215911865e-02
1.512914150953292847e-02
1.860814169049263000e-02
1.685461588203907013e-02
1.890568807721138000e-02
2.258844301104545593e-02
2.206751517951488495e-02
1.741421967744827271e-02
1.499532908201217651e-02
1.723505742847919464e-02
1.684293337166309357e-02
2.128773741424083710e-02
1.863531954586505890e-02
1.926966570317745209e-02
2.026589214801788330e-02
1.745573990046977997e-02
1.884129457175731659e-02
1.461770012974739075e-02
1.863483339548110962e-02
1.813631877303123474e-02
1.542995870113372803e-02
1.583792641758918762e-02
1.895074918866157532e-02
1.845730096101760864e-02
2.093563415110111237e-02
2.090322971343994141e-02
1.416656468063592911e-02
2.889390476047992706e-02
1.803728193044662476e-02
1.506533566862344742e-02
1.938026025891304016e-02
2.227453142404556274e-02
2.436539717018604279e-02
2.801151573657989502e-02
2.939630113542079926e-02
2.527825906872749329e-02
2.716522105038166046e-02
2.945434674620628357e-02
2.182188257575035095e-02
1.719854585826396942e-02
1.938823238015174866e-02
1.216256618499755859e-02
2.008013799786567688e-02
1.627407781779766083e-02
1.771273836493492126e-02
1.548080425709486008e-02
2.037145942449569702e-02
1.854068785905838013e-02
2.097736299037933350e-02
2.961873635649681091e-02
3.377024829387664795e-02
2.790504693984985352e-02
2.660074830055236816e-02
2.542738057672977448e-02
2.015076577663421631e-02
1.431690342724323273e-02
1.582570560276508331e-02
1.365350093692541122e-02
1.662094891071319580e-02
2.135637775063514709e-02
1.920904405415058136e-02
1.912645250558853149e-02
2.165698632597923279e-02
2.392707206308841705e-02
2.293424494564533234e-02
1.909775100648403168e-02
1.396260876208543777e-02
1.395626552402973175e-02
1.327131036669015884e-02
1.825597882270812988e-02
1.921083591878414154e-02
1.513830758631229401e-02
1.890230923891067505e-02
1.519608870148658752e-02
1.868487894535064697e-02
2.099900320172309875e-02
1.738161407411098480e-02
1.631686836481094360e-02
1.689340919256210327e-02
1.732019707560539246e-02
1.386824343353509903e-02
1.377947442233562469e-02
1.617122255265712738e-02
1.711033284664154053e-02
1.929051987826824188e-02
1.704372279345989227e-02
1.645186543464660645e-02
1.755188405513763428e-02
1.760251075029373169e-02
1.721431128680706024e-02
1.768707111477851868e-02
1.666200533509254456e-02
1.550636347383260727e-02
1.563715562224388123e-02
2.362558059394359589e-02
1.792250201106071472e-02
1.890265196561813354e-02
1.440648362040519714e-02
1.610707119107246399e-02
2.087449654936790466e-02
2.711798995733261108e-02
3.128574416041374207e-02
3.556457534432411194e-02
3.669954091310501099e-02
3.280028328299522400e-02
2.567362226545810699e-02
1.849412731826305389e-02
1.792309246957302094e-02
1.379611343145370483e-02
1.670624874532222748e-02
1.886926777660846710e-02
2.242718450725078583e-02
3.197729587554931641e-02
3.013202920556068420e-02
3.272903710603713989e-02
3.389241918921470642e-02
3.683544322848320007e-02
3.492847084999084473e-02
3.162415698170661926e-02
2.412042580544948578e-02
2.069395966827869415e-02
2.007238566875457764e-02
1.863747462630271912e-02
1.592453382909297943e-02
1.400949805974960327e-02
1.486101746559143066e-02
1.668477989733219147e-02
3.143419697880744934e-02
3.945583850145339966e-02
5.004572123289108276e-02
5.011828988790512085e-02
4.316489771008491516e-02
3.179872781038284302e-02
1.913002319633960724e-02
1.399750914424657822e-02
2.148087136447429657e-02
2.441794238984584808e-02
2.778453193604946136e-02
3.048487752676010132e-02
3.093739040195941925e-02
2.659829519689083099e-02
2.084758691489696503e-02
1.748029887676239014e-02
1.536042243242263794e-02
1.488071307539939880e-02
2.085468731820583344e-02
2.536127530038356781e-02
2.631366811692714691e-02
2.572244778275489807e-02
1.864976249635219574e-02
1.606073044240474701e-02
1.552296523004770279e-02
1.463577058166265488e-02
1.524116005748510361e-02
1.371480990201234818e-02
1.584584265947341919e-02
1.778622902929782867e-02
1.407442614436149597e-02
1.794606260955333710e-02
1.363301090896129608e-02
1.842100732028484344e-02
1.796335168182849884e-02
1.626217924058437347e-02
1.420348137617111206e-02
2.234700508415699005e-02
1.377926394343376160e-02
1.325663179159164429e-02
1.387707982212305069e-02
1.732501760125160217e-02
1.531481090933084488e-02
1.252496615052223206e-02
1.304499618709087372e-02
1.753880828619003296e-02
1.768451556563377380e-02
1.753037236630916595e-02
1.765186339616775513e-02
1.393070910125970840e-02
1.675594784319400787e-02
1.361857540905475616e-02
1.562143955379724503e-02
1.731031015515327454e-02
1.811492443084716797e-02
1.613008603453636169e-02
1.971279270946979523e-02
1.740967482328414917e-02
1.346392091363668442e-02
1.610970124602317810e-02
1.396328024566173553e-02
1.724915765225887299e-02
2.886603586375713348e-02
1.758956722915172577e-02
2.350778691470623016e-02
2.507761120796203613e-02
2.366966567933559418e-02
2.037284895777702332e-02
1.503256149590015411e-02
1.515615358948707581e-02
2.127985097467899323e-02
3.018360026180744171e-02
4.548539221286773682e-02
5.800628289580345154e-02
5.814457684755325317e-02
4.087148606777191162e-02
2.454924210906028748e-02
1.495230197906494141e-02
1.379832252860069275e-02
2.266101352870464325e-02
3.181342035531997681e-02
3.488343954086303711e-02
4.125412553548812866e-02
3.403160348534584045e-02
2.939876168966293335e-02
1.819936558604240417e-02
1.395796984434127808e-02
1.777747273445129395e-02
2.833339385688304901e-02
3.444069623947143555e-02
3.100919350981712341e-02
2.439646609127521515e-02
2.068972401320934296e-02
1.191841438412666321e-02
1.325496379286050797e-02
2.122044377028942108e-02
2.145134471356868744e-02
2.393969148397445679e-02
2.518513053655624390e-02
3.088328242301940918e-02
1.351987104862928391e-02
1.539591699838638306e-02
1.909256726503372192e-02
1.977511495351791382e-02
2.233817800879478455e-02
1.835752278566360474e-02
1.666509732604026794e-02
1.458000298589468002e-02
1.252715662121772766e-02
1.542709115892648697e-02
2.022223174571990967e-02
2.051507867872714996e-02
1.986667513847351074e-02
1.842280291020870209e-02
1.765941455960273743e-02
1.560926064848899841e-02
1.457586884498596191e-02
1.672756671905517578e-02
1.852354034781455994e-02
2.103212662041187286e-02
2.613558433949947357e-02
2.434996888041496277e-02
2.260021679103374481e-02
1.591935381293296814e-02
1.662117987871170044e-02
1.690214872360229492e-02
1.703939214348793030e-02
2.090185694396495819e-02
2.214667946100234985e-02
1.943937689065933228e-02
2.081258408725261688e-02
1.565170474350452423e-02
1.499027013778686523e-02
1.324734371155500412e-02
1.401358749717473984e-02
1.538684871047735214e-02
1.791087351739406586e-02
1.492290757596492767e-02
1.516753528267145157e-02
1.570502296090126038e-02
1.730647869408130646e-02
1.413390971720218658e-02
1.646824739873409271e-02
1.365836896002292633e-02
1.283566467463970184e-02
1.960855536162853241e-02
1.543193869292736053e-02
1.432889513671398163e-02
1.537121925503015518e-02
1.417321246117353439e-02
1.252170559018850327e-02
1.293129380792379379e-02
1.264508534222841263e-02
1.425696909427642822e-02
1.517850626260042191e-02
1.311907358467578888e-02
1.416481472551822662e-02
1.354183815419673920e-02
1.558004599064588547e-02
1.560016628354787827e-02
1.383648999035358429e-02
1.487349718809127808e-02
1.425147708505392075e-02
1.380507089197635651e-02
1.751554571092128754e-02
1.849301159381866455e-02
1.982279494404792786e-02
2.104022726416587830e-02
1.772827282547950745e-02
1.821487210690975189e-02
1.718706637620925903e-02
1.438917219638824463e-02
1.247781794518232346e-02
1.586224325001239777e-02
1.983450725674629211e-02
1.602449081838130951e-02
1.666253432631492615e-02
1.754574477672576904e-02
1.526702661067247391e-02
1.439203973859548569e-02
1.441240962594747543e-02
1.373344380408525467e-02
1.372937485575675964e-02
1.361439749598503113e-02
1.456693932414054871e-02
2.326673828065395355e-02
1.479045301675796509e-02
1.576255448162555695e-02
1.651372574269771576e-02
1.552533358335494995e-02
2.029176242649555206e-02
2.220463752746582031e-02
2.438054792582988739e-02
2.734277397394180298e-02
2.538621425628662109e-02
2.092260867357254028e-02
1.753704249858856201e-02
1.649770326912403107e-02
1.571539975702762604e-02
1.289191376417875290e-02
1.273851282894611359e-02
1.368793472647666931e-02
1.418259181082248688e-02
1.359669491648674011e-02
1.679055206477642059e-02
1.639948599040508270e-02
1.937734335660934448e-02
2.024630643427371979e-02
2.200730144977569580e-02
2.624382451176643372e-02
2.818000316619873047e-02
2.889550291001796722e-02
2.509828843176364899e-02
1.980580203235149384e-02
1.874339208006858826e-02
1.406828872859477997e-02
1.623098924756050110e-02
1.464601792395114899e-02
1.688902266323566437e-02
1.687541604042053223e-02
1.565780863165855408e-02
1.435720548033714294e-02
1.427582558244466782e-02
1.471608970314264297e-02
1.380670443177223206e-02
1.862565614283084869e-02
1.898263208568096161e-02
2.476094104349613190e-02
2.568808384239673615e-02
2.704455517232418060e-02
2.406346239149570465e-02
1.968432031571865082e-02
1.837966404855251312e-02
1.396009046584367752e-02
1.322342827916145325e-02
1.481810957193374634e-02
1.306229084730148315e-02
1.628838106989860535e-02
1.893505081534385681e-02
1.697091571986675262e-02
1.570630632340908051e-02
1.816201210021972656e-02
1.437212154269218445e-02
1.262180879712104797e-02
1.376986317336559296e-02
1.337021775543689728e-02
1.416646596044301987e-02
1.482933666557073593e-02
1.308135408908128738e-02
1.287557557225227356e-02
1.258761901408433914e-02
1.285566668957471848e-02
1.438631210476160049e-02
1.236165687441825867e-02
1.333827432245016098e-02
1.686712168157100677e-02
1.214976515620946884e-02
1.308785937726497650e-02
1.480104308575391769e-02
1.537451706826686859e-02
1.392452232539653778e-02
2.180911786854267120e-02
1.291752513498067856e-02
1.162565033882856369e-02
1.286429632455110550e-02
1.283797528594732285e-02
1.412619277834892273e-02
1.365180686116218567e-02
1.521899364888668060e-02
1.281670853495597839e-02
1.337990164756774902e-02
1.357780769467353821e-02
1.548614166676998138e-02
1.872071251273155212e-02
1.347929425537586212e-02
1.414845697581768036e-02
1.123083382844924927e-02
1.591128669679164886e-02
1.977696828544139862e-02
2.301977947354316711e-02
2.652051299810409546e-02
2.982140891253948212e-02
3.352503851056098938e-02
2.737463638186454773e-02
1.918793842196464539e-02
1.659468188881874084e-02
1.393127720803022385e-02
1.615541428327560425e-02
2.263288386166095734e-02
3.024042956531047821e-02
4.234352707862854004e-02
4.193998128175735474e-02
4.002871364355087280e-02
3.636536747217178345e-02
2.819160930812358856e-02
2.012207359075546265e-02
1.441251579672098160e-02
1.677001081407070160e-02
1.845662854611873627e-02
2.310863509774208069e-02
2.308738417923450470e-02
2.043225616216659546e-02
1.806372217833995819e-02
1.536557823419570923e-02
1.340639404952526093e-02
1.293197367340326309e-02
1.340012252330780029e-02
1.534774061292409897e-02
1.478526741266250610e-02
1.296441163867712021e-02
1.342459116131067276e-02
2.178775332868099213e-02
1.492422260344028473e-02
1.173746958374977112e-02
1.367047708481550217e-02
1.257190573960542679e-02
1.331563666462898254e-02
1.630991138517856598e-02
1.739815250039100647e-02
1.653298176825046539e-02
1.775821670889854431e-02
1.916089095175266266e-02
2.054959349334239960e-02
2.009848318994045258e-02
1.875609531998634338e-02
2.069737575948238373e-02
1.485140621662139893e-02
1.294274721294641495e-02
1.659808121621608734e-02
1.553290989249944687e-02
1.445867214351892471e-02
1.553798094391822815e-02
1.303917448967695236e-02
1.427173893898725510e-02
1.679163798689842224e-02
1.406698208302259445e-02
1.634133793413639069e-02
1.284596789628267288e-02
2.349231205880641937e-02
1.826025731861591339e-02
2.045398764312267303e-02
2.390760928392410278e-02
2.481357380747795105e-02
2.367824316024780273e-02
1.965825632214546204e-02
1.643463410437107086e-02
1.262426376342773438e-02
1.332880835980176926e-02
2.164530754089355469e-02
3.083619475364685059e-02
3.978824615478515625e-02
3.972736001014709473e-02
2.901382558047771454e-02
1.909001916646957397e-02
1.343035697937011719e-02
1.399244088679552078e-02
1.521346252411603928e-02
1.741077937185764313e-02
1.819679699838161469e-02
1.433808542788028717e-02
1.985137164592742920e-02
1.577254198491573334e-02
1.487463992089033127e-02
1.293033175170421600e-02
1.533114816993474960e-02
1.108955778181552887e-02
1.718530990183353424e-02
1.681549847126007080e-02
2.398572303354740143e-02
2.991916798055171967e-02
2.409688569605350494e-02
2.035306952893733978e-02
1.496226340532302856e-02
1.329432148486375809e-02
1.583578251302242279e-02
1.522164139896631241e-02
1.615813560783863068e-02
1.390693057328462601e-02
1.530027948319911957e-02
1.212917268276214600e-02
1.381566002964973450e-02
1.474101934581995010e-02
1.460287254303693771e-02
1.376041397452354431e-02
1.351436972618103027e-02
1.299849804490804672e-02
1.577770523726940155e-02
1.562794297933578491e-02
1.610798574984073639e-02
1.559082511812448502e-02
1.397355832159519196e-02
1.337964832782745361e-02
1.461212430149316788e-02
1.497351843863725662e-02
1.832213997840881348e-02
1.861434802412986755e-02
1.541756186634302139e-02
1.402219384908676147e-02
1.381997484713792801e-02
1.222107373178005219e-02
1.336631085723638535e-02
1.503210328519344330e-02
1.796405948698520660e-02
1.453068293631076813e-02
1.248685177415609360e-02
1.595602929592132568e-02
1.383690536022186279e-02
1.454255543649196625e-02
1.634138822555541992e-02
2.001003921031951904e-02
1.995856873691082001e-02
2.900408208370208740e-02
2.188115194439888000e-02
2.099001035094261169e-02
1.597679220139980316e-02
1.467481628060340881e-02
1.343187596648931503e-02
1.483446080237627029e-02
1.699766516685485840e-02
1.934293471276760101e-02
1.889149658381938934e-02
1.448320690542459488e-02
1.519400160759687424e-02
1.297914795577526093e-02
1.491228025406599045e-02
1.353076752275228500e-02
1.263209525495767593e-02
2.477498352527618408e-02
1.501397136598825455e-02
1.314832083880901337e-02
1.435008458793163300e-02
1.477320771664381027e-02
1.410220656543970108e-02
1.295987796038389206e-02
1.409742049872875214e-02
1.293519511818885803e-02
1.338373031467199326e-02
1.439647469669580460e-02
1.245861686766147614e-02
1.612062752246856689e-02
1.510471198707818985e-02
1.711308583617210388e-02
1.668309047818183899e-02
1.585990376770496368e-02
1.208348851650953293e-02
1.392930559813976288e-02
1.414643041789531708e-02
1.273674238473176956e-02
1.500357780605554581e-02
1.555466186255216599e-02
1.605634391307830811e-02
1.099097449332475662e-02
1.293326634913682938e-02
1.560128759592771530e-02
1.326354965567588806e-02
1.362800318747758865e-02
1.244866847991943359e-02
1.333583891391754150e-02
1.175305247306823730e-02
1.299493573606014252e-02
1.564815826714038849e-02
1.593235135078430176e-02
1.409075688570737839e-02
1.685811206698417664e-02
1.330481749027967453e-02
1.125048100948333740e-02
1.444983016699552536e-02
1.325220707803964615e-02
1.795434579253196716e-02
1.470385305583477020e-02
1.378799974918365479e-02
1.338844560086727142e-02
1.200934406369924545e-02
1.446497905999422073e-02
1.779938675463199615e-02
1.873921602964401245e-02
1.949756778776645660e-02
2.059032395482063293e-02
1.694794557988643646e-02
1.531758159399032593e-02
1.255160756409168243e-02
1.465252414345741272e-02
1.266305148601531982e-02
1.264657545834779739e-02
1.199723966419696808e-02
1.149054244160652161e-02
1.218744367361068726e-02
1.702217385172843933e-02
1.123505458235740662e-02
1.330494415014982224e-02
1.342776976525783539e-02
1.712621003389358521e-02
1.750149205327033997e-02
1.930494792759418488e-02
1.709795370697975159e-02
1.483493857085704803e-02
1.301266066730022430e-02
1.258928701281547546e-02
1.312533114105463028e-02
1.655702479183673859e-02
1.865002512931823730e-02
2.135316655039787292e-02
2.121419645845890045e-02
1.882790029048919678e-02
1.354050915688276291e-02
1.254583988338708878e-02
1.541167497634887695e-02
1.542729139328002930e-02
1.463615614920854568e-02
1.249322947114706039e-02
1.166863739490509033e-02
1.641299948096275330e-02
1.534004602581262589e-02
1.974762603640556335e-02
2.200103551149368286e-02
2.319095470011234283e-02
2.173544466495513916e-02
1.637853495776653290e-02
1.382160559296607971e-02
1.108083315193653107e-02
1.413393020629882812e-02
1.299749221652746201e-02
1.330281700938940048e-02
1.385477464646100998e-02
1.248932257294654846e-02
1.218594703823328018e-02
1.201349403709173203e-02
1.359195262193679810e-02
1.401329319924116135e-02
1.347265578806400299e-02
1.299302000552415848e-02
1.312571298331022263e-02
1.273509766906499863e-02
1.209712773561477661e-02
1.223802100867033005e-02
1.320969592779874802e-02
1.445924025028944016e-02
1.165087055414915085e-02
1.691069826483726501e-02
1.539984997361898422e-02
1.551178190857172012e-02
1.581273041665554047e-02
1.397174503654241562e-02
1.191616710275411606e-02
1.325805578380823135e-02
1.428906712681055069e-02
2.254387736320495605e-02
1.601595617830753326e-02
1.850530877709388733e-02
1.700981892645359039e-02
1.584845595061779022e-02
1.350130978971719742e-02
1.381783746182918549e-02
1.371402665972709656e-02
1.297092251479625702e-02
1.290414202958345413e-02
1.205755863338708878e-02
1.094275433570146561e-02
1.501093804836273193e-02
1.377874240279197693e-02
1.291703805327415466e-02
1.597188226878643036e-02
1.319218333810567856e-02
1.344654336571693420e-02
1.276240032166242599e-02
1.243741437792778015e-02
1.759145036339759827e-02
1.913202926516532898e-02
2.011318132281303406e-02
2.104157768189907074e-02
1.747770607471466064e-02
1.527103688567876816e-02
1.358728017657995224e-02
1.105314586311578751e-02
1.210075803101062775e-02
2.095032669603824615e-02
1.267722807824611664e-02
1.326844841241836548e-02
1.479007583111524582e-02
1.464346796274185181e-02
1.579146087169647217e-02
1.655949279665946960e-02
1.546001061797142029e-02
1.249111816287040710e-02
1.209742948412895203e-02
