8.749242782592773438e+00
1.032990741729736328e+01
9.517927169799804688e+00
9.976474761962890625e+00
9.397288322448730469e+00
9.465425491333007812e+00
8.298131942749023438e+00
9.486220359802246094e+00
9.400135993957519531e+00
9.884103775024414062e+00
9.203780174255371094e+00
9.756260871887207031e+00
9.779464721679687500e+00
9.380718231201171875e+00
9.345639228820800781e+00
8.977602005004882812e+00
9.392732620239257812e+00
1.060758018493652344e+01
9.576599121093750000e+00
9.598997116088867188e+00
9.303813934326171875e+00
9.140817642211914062e+00
9.217927932739257812e+00
9.147557258605957031e+00
8.559683799743652344e+00
8.875035285949707031e+00
9.260676383972167969e+00
9.300224304199218750e+00
9.353071212768554688e+00
8.809309959411621094e+00
9.326246261596679688e+00
9.425505638122558594e+00
9.051356315612792969e+00
9.226365089416503906e+00
9.721190452575683594e+00
9.068573951721191406e+00
9.517275810241699219e+00
9.160857200622558594e+00
9.179758071899414062e+00
9.090021133422851562e+00
8.294525146484375000e+00
8.241155624389648438e+00
8.409859657287597656e+00
9.388024330139160156e+00
8.785908699035644531e+00
9.232317924499511719e+00
9.128055572509765625e+00
8.883606910705566406e+00
7.954135417938232422e+00
7.053111553192138672e+00
7.201532840728759766e+00
7.275696754455566406e+00
6.173645019531250000e+00
6.769294261932373047e+00
4.679518699645996094e+00
4.833872318267822266e+00
6.360996723175048828e+00
5.063601493835449219e+00
5.851723670959472656e+00
4.639454841613769531e+00
6.382087230682373047e+00
3.861233472824096680e+00
4.071302890777587891e+00
5.124903202056884766e+00
4.248265743255615234e+00
4.066598892211914062e+00
5.098321914672851562e+00
3.934318542480468750e+00
4.016956806182861328e+00
3.937361240386962891e+00
3.501112699508666992e+00
3.298844099044799805e+00
3.428741216659545898e+00
3.443662405014038086e+00
2.814453125000000000e+00
2.925662040710449219e+00
2.269703388214111328e+00
1.862395882606506348e+00
1.823023438453674316e+00
1.621125221252441406e+00
1.086849927902221680e+00
8.684828877449035645e-01
6.891950964927673340e-01
5.200234651565551758e-01
5.252804160118103027e-01
6.498906612396240234e-01
8.550901412963867188e-01
1.017623782157897949e+00
1.436628341674804688e+00
2.095520019531250000e+00
1.107010364532470703e+00
9.543635845184326172e-01
7.793100476264953613e-01
6.582983732223510742e-01
6.471147537231445312e-01
7.718269824981689453e-01
4.344746470451354980e-01
9.063230156898498535e-01
4.172309935092926025e-01
6.032661199569702148e-01
6.471205353736877441e-01
4.960819184780120850e-01
5.869743824005126953e-01
3.108007609844207764e-01
4.315124750137329102e-01
3.255819082260131836e-01
3.212687373161315918e-01
2.264891415834426880e-01
3.159878849983215332e-01
2.539625465869903564e-01
2.539103329181671143e-01
2.412425726652145386e-01
2.269605696201324463e-01
2.220900505781173706e-01
2.513740956783294678e-01
2.402487844228744507e-01
2.421577721834182739e-01
1.907551586627960205e-01
2.265771180391311646e-01
1.631488204002380371e-01
1.598580181598663330e-01
1.647487133741378784e-01
1.552063375711441040e-01
1.593536436557769775e-01
1.648662239313125610e-01
1.604365110397338867e-01
1.602682769298553467e-01
1.557341367006301880e-01
1.515240669250488281e-01
1.262125223875045776e-01
1.208868324756622314e-01
1.238454803824424744e-01
1.240416988730430603e-01
1.308392584323883057e-01
1.296922266483306885e-01
1.091661006212234497e-01
1.139309480786323547e-01
1.080330982804298401e-01
1.172436028718948364e-01
1.001073494553565979e-01
1.105815321207046509e-01
1.402966827154159546e-01
1.037518829107284546e-01
1.165474727749824524e-01
1.044872924685478210e-01
1.019550263881683350e-01
1.060025170445442200e-01
1.043026596307754517e-01
9.016732126474380493e-02
9.577150642871856689e-02
9.640520811080932617e-02
1.006558090448379517e-01
8.121402561664581299e-02
9.435288608074188232e-02
9.291260689496994019e-02
9.288631379604339600e-02
1.033255085349082947e-01
9.223429858684539795e-02
8.060430735349655151e-02
8.743341267108917236e-02
7.863734662532806396e-02
8.252564817667007446e-02
8.690959215164184570e-02
9.060624241828918457e-02
7.555461674928665161e-02
7.355691492557525635e-02
7.662145048379898071e-02
7.097818702459335327e-02
9.123894572257995605e-02
9.536764025688171387e-02
8.369713276624679565e-02
7.768085598945617676e-02
7.120548933744430542e-02
7.818097621202468872e-02
7.513844221830368042e-02
6.904319673776626587e-02
7.336173951625823975e-02
7.732453197240829468e-02
6.580459326505661011e-02
6.694397330284118652e-02
6.566418707370758057e-02
7.407907396554946899e-02
7.145290076732635498e-02
6.544286757707595825e-02
6.714560091495513916e-02
6.883411854505538940e-02
7.181555032730102539e-02
6.887581944465637207e-02
7.039762288331985474e-02
6.541115790605545044e-02
6.926210224628448486e-02
8.436740189790725708e-02
6.551173329353332520e-02
7.050298899412155151e-02
6.313329935073852539e-02
6.443907320499420166e-02
6.163300201296806335e-02
6.541366875171661377e-02
5.742021650075912476e-02
6.300232559442520142e-02
6.864830106496810913e-02
6.077804043889045715e-02
6.366670131683349609e-02
6.127163395285606384e-02
6.323651224374771118e-02
5.473419651389122009e-02
6.461404263973236084e-02
5.682824179530143738e-02
7.111137360334396362e-02
6.616786122322082520e-02
6.425713002681732178e-02
6.698016822338104248e-02
5.317176133394241333e-02
5.696380883455276489e-02
4.985671117901802063e-02
5.311978980898857117e-02
5.621746554970741272e-02
5.349330976605415344e-02
5.170444771647453308e-02
5.974223837256431580e-02
5.342159420251846313e-02
5.589816346764564514e-02
6.506396085023880005e-02
5.267562717199325562e-02
6.118117645382881165e-02
5.417767539620399475e-02
5.119879543781280518e-02
6.151030957698822021e-02
5.286388099193572998e-02
5.829250067472457886e-02
5.452701821923255920e-02
4.865893349051475525e-02
5.161062255501747131e-02
5.332675948739051819e-02
5.121920630335807800e-02
4.363535717129707336e-02
4.935406148433685303e-02
4.979042708873748779e-02
5.109133198857307434e-02
5.045800283551216125e-02
5.042392760515213013e-02
5.136322975158691406e-02
5.411486327648162842e-02
4.368155822157859802e-02
4.810528457164764404e-02
5.082363262772560120e-02
4.759924858808517456e-02
5.470182374119758606e-02
5.052687600255012512e-02
4.803074151277542114e-02
5.627403408288955688e-02
5.009202286601066589e-02
5.366904288530349731e-02
5.810164660215377808e-02
4.512440040707588196e-02
6.817306578159332275e-02
7.553230226039886475e-02
4.584088921546936035e-02
6.449011713266372681e-02
6.081239134073257446e-02
4.568187519907951355e-02
5.010382831096649170e-02
4.772730171680450439e-02
4.248348623514175415e-02
4.857569187879562378e-02
4.714751243591308594e-02
4.581852629780769348e-02
5.328727141022682190e-02
5.040374025702476501e-02
4.164733737707138062e-02
4.175572469830513000e-02
4.397117346525192261e-02
6.451322138309478760e-02
4.399463906884193420e-02
4.101908951997756958e-02
4.424006491899490356e-02
4.040051996707916260e-02
4.248161613941192627e-02
4.825926572084426880e-02
5.452665686607360840e-02
4.149071499705314636e-02
4.424192011356353760e-02
4.204755276441574097e-02
4.519102349877357483e-02
3.937517479062080383e-02
4.173249006271362305e-02
4.174506291747093201e-02
4.002946242690086365e-02
3.950715810060501099e-02
4.463907331228256226e-02
3.923611715435981750e-02
4.189132526516914368e-02
4.134820774197578430e-02
4.542088881134986877e-02
4.004536196589469910e-02
6.029042974114418030e-02
3.702725097537040710e-02
4.183989018201828003e-02
4.154243320226669312e-02
4.036755859851837158e-02
3.820060938596725464e-02
4.247768968343734741e-02
4.261051118373870850e-02
4.340502992272377014e-02
4.211602732539176941e-02
4.595314338803291321e-02
4.089780151844024658e-02
4.024639725685119629e-02
3.596959263086318970e-02
5.342690274119377136e-02
5.654520541429519653e-02
5.007346719503402710e-02
4.343398287892341614e-02
3.875083103775978088e-02
4.029297828674316406e-02
3.561591729521751404e-02
4.407044872641563416e-02
5.375251919031143188e-02
4.819774255156517029e-02
3.733487054705619812e-02
3.911673650145530701e-02
3.722398355603218079e-02
4.199485853314399719e-02
4.337190836668014526e-02
4.331726208329200745e-02
4.976211860775947571e-02
5.684887245297431946e-02
5.166108533740043640e-02
3.728062659502029419e-02
5.045608803629875183e-02
4.862888902425765991e-02
3.739633783698081970e-02
4.336415603756904602e-02
4.860083013772964478e-02
4.343176633119583130e-02
3.838532045483589172e-02
4.422574117779731750e-02
4.077345132827758789e-02
3.480516746640205383e-02
3.842081129550933838e-02
4.021273925900459290e-02
4.154703766107559204e-02
3.582885488867759705e-02
4.123507812619209290e-02
4.131191596388816833e-02
3.975518047809600830e-02
3.738511353731155396e-02
4.277368634939193726e-02
4.238810762763023376e-02
3.876207023859024048e-02
3.814949840307235718e-02
3.850871697068214417e-02
3.524801135063171387e-02
3.939828276634216309e-02
4.308469220995903015e-02
4.103600233793258667e-02
3.478485345840454102e-02
5.414590239524841309e-02
6.288772076368331909e-02
5.440308898687362671e-02
5.728047341108322144e-02
3.886143490672111511e-02
4.860785230994224548e-02
5.090351030230522156e-02
3.362328186631202698e-02
4.305139183998107910e-02
4.110021516680717468e-02
4.201186448335647583e-02
3.589425235986709595e-02
3.681864589452743530e-02
3.889700397849082947e-02
4.093184694647789001e-02
3.686815500259399414e-02
3.901593759655952454e-02
3.772348910570144653e-02
4.560901969671249390e-02
3.818340599536895752e-02
3.842545673251152039e-02
3.736225888133049011e-02
3.511992841958999634e-02
3.022167272865772247e-02
4.911551624536514282e-02
3.423472866415977478e-02
3.898327797651290894e-02
3.737734630703926086e-02
3.724023699760437012e-02
3.356058523058891296e-02
4.018601775169372559e-02
3.274586051702499390e-02
3.921012207865715027e-02
4.246214032173156738e-02
3.932376950979232788e-02
3.518331795930862427e-02
3.695025295019149780e-02
3.541589900851249695e-02
3.298385068774223328e-02
3.371038660407066345e-02
3.432138264179229736e-02
3.590383380651473999e-02
3.863737359642982483e-02
3.569640219211578369e-02
5.239130184054374695e-02
3.513355925679206848e-02
3.436269238591194153e-02
3.457470610737800598e-02
3.804387897253036499e-02
3.598277643322944641e-02
3.610324487090110779e-02
3.441615402698516846e-02
4.345940053462982178e-02
3.546498343348503113e-02
3.330404311418533325e-02
3.536629676818847656e-02
3.858412057161331177e-02
3.643076494336128235e-02
3.634122386574745178e-02
3.453277796506881714e-02
3.719932585954666138e-02
3.422376886010169983e-02
3.537672013044357300e-02
3.659459203481674194e-02
3.556013852357864380e-02
3.168855607509613037e-02
3.719636425375938416e-02
4.108675196766853333e-02
4.082715138792991638e-02
3.253476321697235107e-02
3.257549926638603210e-02
3.694571927189826965e-02
4.167363420128822327e-02
3.826273232698440552e-02
4.355503618717193604e-02
4.043857008218765259e-02
3.598050028085708618e-02
3.451094776391983032e-02
3.856603801250457764e-02
3.129911050200462341e-02
3.469729796051979065e-02
3.375484421849250793e-02
3.272197023034095764e-02
3.176909312605857849e-02
4.384421929717063904e-02
3.634073585271835327e-02
3.175927698612213135e-02
4.597881436347961426e-02
7.587632536888122559e-02
6.612790375947952271e-02
3.806655853986740112e-02
4.244260117411613464e-02
8.506988734006881714e-02
1.070393994450569153e-01
7.134974002838134766e-02
3.493053838610649109e-02
6.088637933135032654e-02
9.230886399745941162e-02
6.169100850820541382e-02
2.991048991680145264e-02
6.647469103336334229e-02
6.822232156991958618e-02
4.260144755244255066e-02
3.300802037119865417e-02
4.086301848292350769e-02
4.259327799081802368e-02
3.661812096834182739e-02
3.849096968770027161e-02
4.250642284750938416e-02
3.871703892946243286e-02
3.130800649523735046e-02
3.242725133895874023e-02
3.351092338562011719e-02
2.768845111131668091e-02
3.687969222664833069e-02
3.901674225926399231e-02
3.986233845353126526e-02
3.694571182131767273e-02
3.618114814162254333e-02
3.495766595005989075e-02
3.190634772181510925e-02
3.665008023381233215e-02
3.352834284305572510e-02
3.717885911464691162e-02
3.292240202426910400e-02
3.218863904476165771e-02
3.032474778592586517e-02
3.008503653109073639e-02
2.950258925557136536e-02
2.766286768019199371e-02
4.001885652542114258e-02
4.481099173426628113e-02
3.893959894776344299e-02
3.719125315546989441e-02
2.970764040946960449e-02
3.857561200857162476e-02
6.804932653903961182e-02
8.116378635168075562e-02
7.157921046018600464e-02
3.495159000158309937e-02
4.069176316261291504e-02
5.405607819557189941e-02
4.341103509068489075e-02
3.305638581514358521e-02
4.105361923575401306e-02
4.108951985836029053e-02
3.189181536436080933e-02
2.988078445196151733e-02
4.519001767039299011e-02
3.290903940796852112e-02
4.575197398662567139e-02
6.478301435708999634e-02
6.351813673973083496e-02
4.556876793503761292e-02
3.172282874584197998e-02
4.030673950910568237e-02
5.453983694314956665e-02
4.812118038535118103e-02
3.555086627602577209e-02
3.579786792397499084e-02
3.691960126161575317e-02
3.881320357322692871e-02
3.334636986255645752e-02
3.338100016117095947e-02
4.073787853121757507e-02
4.472294449806213379e-02
3.339035063982009888e-02
4.271145910024642944e-02
3.861306980252265930e-02
3.164540603756904602e-02
3.138423338532447815e-02
3.522039204835891724e-02
3.441927954554557800e-02
3.019534423947334290e-02
3.145948797464370728e-02
4.557818174362182617e-02
4.967453703284263611e-02
4.288583248853683472e-02
3.153650835156440735e-02
5.662206560373306274e-02
8.985342830419540405e-02
6.851387768983840942e-02
3.405463695526123047e-02
5.087664350867271423e-02
8.209352195262908936e-02
6.411495804786682129e-02
3.052498213946819305e-02
5.127482116222381592e-02
8.935673534870147705e-02
6.213852018117904663e-02
3.062932752072811127e-02
5.314100533723831177e-02
6.549794226884841919e-02
3.996139392256736755e-02
3.622062876820564270e-02
7.030742615461349487e-02
7.237158715724945068e-02
3.560633957386016846e-02
3.469562157988548279e-02
4.742503911256790161e-02
4.363537952303886414e-02
3.321858495473861694e-02
3.792946785688400269e-02
3.746435418725013733e-02
3.301187977194786072e-02
3.285863623023033142e-02
3.465506434440612793e-02
4.519019275903701782e-02
4.297265782952308655e-02
4.621646553277969360e-02
3.324336931109428406e-02
4.509982466697692871e-02
3.228740394115447998e-02
2.859607338905334473e-02
3.997544944286346436e-02
5.334017053246498108e-02
4.517876356840133667e-02
3.223966062068939209e-02
3.462475165724754333e-02
4.157245159149169922e-02
3.611943870782852173e-02
3.265115618705749512e-02
3.339897096157073975e-02
4.289902001619338989e-02
4.396088793873786926e-02
3.616970032453536987e-02
3.042118065059185028e-02
4.670802503824234009e-02
5.721712484955787659e-02
4.530939087271690369e-02
3.026812151074409485e-02
6.218643486499786377e-02
9.761819988489151001e-02
1.003049463033676147e-01
4.997957870364189148e-02
3.247470036149024963e-02
6.602055579423904419e-02
6.715718656778335571e-02
5.070650950074195862e-02
2.722510322928428650e-02
4.035745561122894287e-02
3.149408847093582153e-02
2.769866026937961578e-02
2.656305022537708282e-02
3.470901027321815491e-02
2.839605323970317841e-02
3.497764468193054199e-02
3.677920624613761902e-02
3.254104033112525940e-02
3.674102947115898132e-02
3.863444551825523376e-02
3.208496421575546265e-02
3.420242667198181152e-02
3.515837714076042175e-02
3.209817409515380859e-02
3.145172074437141418e-02
4.818234592676162720e-02
5.604535713791847229e-02
3.840414807200431824e-02
3.139322623610496521e-02
6.094348803162574768e-02
6.007279828190803528e-02
3.787743672728538513e-02
3.130327910184860229e-02
4.857366532087326050e-02
3.967116028070449829e-02
3.411521762609481812e-02
4.285872727632522583e-02
6.839289516210556030e-02
5.765354260802268982e-02
3.439020738005638123e-02
4.343070089817047119e-02
7.480171322822570801e-02
6.758227199316024780e-02
2.984148450195789337e-02
4.644256830215454102e-02
5.615845322608947754e-02
4.213839769363403320e-02
3.064668923616409302e-02
4.785270243883132935e-02
5.308351293206214905e-02
3.079251386225223541e-02
3.206316009163856506e-02
5.182958394289016724e-02
3.771916031837463379e-02
2.998966351151466370e-02
3.357815369963645935e-02
4.267731681466102600e-02
3.114934638142585754e-02
3.065416589379310608e-02
3.125644102692604065e-02
3.263139352202415466e-02
3.231112286448478699e-02
3.663643822073936462e-02
3.788490593433380127e-02
3.126271069049835205e-02
2.831459231674671173e-02
3.163143992424011230e-02
3.149563819169998169e-02
3.507201001048088074e-02
4.038940370082855225e-02
3.845143690705299377e-02
3.334814682602882385e-02
4.242703691124916077e-02
3.289591148495674133e-02
3.127141669392585754e-02
3.029814735054969788e-02
3.241092711687088013e-02
3.054045140743255615e-02
3.095344640314579010e-02
3.157196938991546631e-02
3.832567110657691956e-02
4.691144078969955444e-02
3.341161832213401794e-02
3.326774016022682190e-02
4.285142570734024048e-02
3.578803688287734985e-02
3.492503240704536438e-02
4.200024157762527466e-02
4.189170524477958679e-02
3.255446627736091614e-02
3.114688396453857422e-02
3.239289671182632446e-02
3.085745312273502350e-02
3.127473592758178711e-02
4.061399772763252258e-02
5.343662574887275696e-02
5.238412693142890930e-02
3.196134045720100403e-02
3.368678316473960876e-02
4.358846321702003479e-02
3.830172121524810791e-02
2.936241403222084045e-02
3.462632745504379272e-02
3.065414912998676300e-02
3.022957034409046173e-02
3.790303692221641541e-02
5.065305531024932861e-02
3.333243355154991150e-02
3.711405768990516663e-02
5.806588381528854370e-02
4.728167131543159485e-02
2.781176194548606873e-02
3.162379935383796692e-02
4.650850221514701843e-02
3.812568262219429016e-02
2.985407039523124695e-02
3.630822524428367615e-02
4.445164650678634644e-02
3.100872412323951721e-02
3.576861694455146790e-02
4.999651759862899780e-02
4.445801302790641785e-02
3.396056592464447021e-02
3.085367009043693542e-02
3.935727849602699280e-02
5.679328739643096924e-02
4.458069056272506714e-02
3.157883509993553162e-02
4.592747986316680908e-02
6.473856419324874878e-02
4.039016366004943848e-02
3.166877105832099915e-02
4.755457118153572083e-02
5.445953458547592163e-02
3.930179029703140259e-02
3.219072148203849792e-02
4.391265287995338440e-02
5.354889109730720520e-02
4.148997366428375244e-02
3.168034180998802185e-02
3.331665322184562683e-02
3.405148163437843323e-02
3.232996910810470581e-02
3.876039758324623108e-02
5.147283151745796204e-02
4.063199460506439209e-02
2.932558767497539520e-02
3.707017749547958374e-02
4.378431290388107300e-02
4.716326668858528137e-02
3.322927281260490417e-02
5.411688983440399170e-02
6.063584610819816589e-02
4.355645552277565002e-02
2.953127399086952209e-02
5.188422650098800659e-02
5.344596877694129944e-02
3.217917680740356445e-02
3.867034614086151123e-02
4.758250713348388672e-02
3.636785596609115601e-02
3.084514103829860687e-02
4.024066776037216187e-02
3.562593087553977966e-02
2.854666113853454590e-02
3.493380174040794373e-02
3.316266834735870361e-02
3.140125423669815063e-02
3.166171908378601074e-02
3.150389716029167175e-02
3.002435341477394104e-02
2.970701456069946289e-02
2.992603927850723267e-02
3.894639015197753906e-02
4.312369227409362793e-02
4.047411680221557617e-02
3.274907916784286499e-02
3.195114433765411377e-02
3.095803223550319672e-02
2.812627144157886505e-02
3.842287510633468628e-02
3.722274675965309143e-02
3.504854813218116760e-02
3.545606508851051331e-02
6.290872395038604736e-02
5.014773085713386536e-02
3.235625848174095154e-02
3.226303309202194214e-02
3.667234256863594055e-02
2.660191059112548828e-02
3.882557153701782227e-02
4.058124870061874390e-02
3.326879069209098816e-02
3.022507950663566589e-02
3.392804041504859924e-02
4.326372221112251282e-02
3.580361232161521912e-02
3.520423918962478638e-02
5.362667888402938843e-02
4.262314364314079285e-02
2.892591990530490875e-02
3.974843397736549377e-02
3.251273557543754578e-02
2.812943235039710999e-02
3.036947362124919891e-02
4.294393956661224365e-02
3.330001235008239746e-02
2.770430035889148712e-02
3.182023018598556519e-02
4.091593623161315918e-02
3.947323188185691833e-02
3.022598847746849060e-02
3.726163133978843689e-02
4.708290845155715942e-02
4.158240556716918945e-02
3.406718373298645020e-02
3.276114165782928467e-02
3.548732772469520569e-02
3.196154534816741943e-02
3.093011863529682159e-02
3.476630896329879761e-02
4.270086809992790222e-02
3.927961364388465881e-02
3.169130161404609680e-02
4.121042415499687195e-02
3.828709572553634644e-02
3.125561401247978210e-02
3.626404702663421631e-02
5.254687368869781494e-02
3.126381710171699524e-02
3.436178341507911682e-02
4.164323955774307251e-02
3.339917585253715515e-02
3.480245918035507202e-02
5.775720998644828796e-02
5.915211513638496399e-02
3.891140595078468323e-02
3.121667169034481049e-02
5.612063407897949219e-02
5.503534525632858276e-02
3.256463259458541870e-02
4.272878542542457581e-02
4.528428241610527039e-02
3.806777670979499817e-02
3.864597529172897339e-02
4.418843239545822144e-02
3.440599143505096436e-02
2.935142070055007935e-02
3.374876081943511963e-02
3.372981026768684387e-02
2.979182824492454529e-02
2.939189970493316650e-02
3.307167813181877136e-02
3.362256661057472229e-02
2.842724509537220001e-02
3.229197487235069275e-02
3.370871394872665405e-02
2.987753599882125854e-02
3.247343376278877258e-02
3.324986621737480164e-02
2.944902330636978149e-02
3.308438509702682495e-02
2.812875807285308838e-02
2.794452756643295288e-02
2.972363866865634918e-02
3.036403842270374298e-02
3.040179610252380371e-02
2.952902391552925110e-02
3.509642928838729858e-02
3.404748812317848206e-02
3.428585082292556763e-02
3.538589179515838623e-02
3.167935088276863098e-02
2.973312325775623322e-02
4.020455107092857361e-02
3.385229408740997314e-02
3.109624050557613373e-02
3.496352955698966980e-02
3.634078055620193481e-02
2.793659642338752747e-02
2.964439056813716888e-02
3.072480671107769012e-02
2.959274686872959137e-02
2.832639031112194061e-02
2.694145031273365021e-02
2.730435319244861603e-02
2.973963133990764618e-02
3.641323000192642212e-02
3.509984910488128662e-02
3.101417236030101776e-02
2.591211535036563873e-02
3.317271545529365540e-02
3.953215107321739197e-02
4.394809529185295105e-02
3.423454239964485168e-02
3.433518111705780029e-02
5.107131972908973694e-02
4.391127452254295349e-02
2.847556956112384796e-02
3.917518630623817444e-02
4.906545951962471008e-02
3.455048799514770508e-02
2.949815802276134491e-02
5.218416079878807068e-02
4.861436784267425537e-02
3.271145373582839966e-02
3.209379315376281738e-02
3.587744012475013733e-02
3.153818473219871521e-02
3.653543442487716675e-02
4.120780155062675476e-02
3.924394398927688599e-02
3.944716230034828186e-02
4.695868492126464844e-02
5.464010313153266907e-02
2.817301265895366669e-02
5.095702782273292542e-02
7.410862296819686890e-02
4.376479983329772949e-02
3.310792148113250732e-02
6.495696306228637695e-02
6.119517609477043152e-02
3.057822398841381073e-02
6.192091852426528931e-02
8.773465454578399658e-02
4.520868882536888123e-02
3.651855140924453735e-02
7.464149594306945801e-02
5.623163655400276184e-02
2.752203680574893951e-02
6.317482143640518188e-02
5.639585107564926147e-02
2.888278290629386902e-02
5.027175694704055786e-02
6.122718006372451782e-02
3.909946978092193604e-02
4.182094335556030273e-02
4.841292276978492737e-02
4.295558109879493713e-02
3.075766190886497498e-02
3.245209529995918274e-02
3.775610402226448059e-02
3.434881567955017090e-02
3.989046812057495117e-02
4.442448541522026062e-02
3.254172578454017639e-02
3.121390193700790405e-02
3.753964975476264954e-02
3.414215520024299622e-02
2.686712332069873810e-02
2.716715075075626373e-02
3.032691031694412231e-02
2.812074124813079834e-02
3.029404953122138977e-02
2.493720687925815582e-02
2.810755558311939240e-02
2.681539766490459442e-02
3.509470820426940918e-02
3.049635328352451324e-02
3.198804333806037903e-02
3.339484706521034241e-02
3.254044800996780396e-02
2.969570271670818329e-02
3.442058339715003967e-02
4.067247733473777771e-02
3.625893965363502502e-02
2.535462193191051483e-02
3.363232314586639404e-02
3.436614573001861572e-02
3.200269117951393127e-02
2.880647033452987671e-02
3.554663062095642090e-02
3.550388664007186890e-02
3.129410743713378906e-02
2.994194999337196350e-02
2.966483682394027710e-02
3.083120286464691162e-02
2.724954485893249512e-02
3.147317469120025635e-02
3.620179742574691772e-02
3.510250896215438843e-02
2.989120036363601685e-02
3.334658592939376831e-02
2.795236557722091675e-02
3.831661865115165710e-02
4.604523628950119019e-02
3.450850024819374084e-02
3.135874867439270020e-02
3.658434376120567322e-02
2.808347158133983612e-02
4.059785604476928711e-02
5.177995190024375916e-02
3.847970440983772278e-02
3.437176346778869629e-02
4.375801607966423035e-02
4.932479560375213623e-02
3.032964654266834259e-02
4.622929170727729797e-02
6.056581437587738037e-02
3.120136260986328125e-02
3.962563350796699524e-02
5.053661018610000610e-02
2.741399407386779785e-02
4.396307840943336487e-02
5.787245929241180420e-02
3.915066644549369812e-02
3.125213831663131714e-02
3.017668798565864563e-02
2.748819813132286072e-02
3.219005465507507324e-02
2.682178467512130737e-02
3.198322653770446777e-02
3.643877804279327393e-02
2.959970384836196899e-02
3.216952830553054810e-02
2.936326339840888977e-02
2.828320674598217010e-02
3.431992605328559875e-02
2.549609914422035217e-02
2.818515151739120483e-02
3.355165943503379822e-02
3.050081245601177216e-02
3.813285753130912781e-02
3.893283754587173462e-02
4.100099951028823853e-02
3.288631886243820190e-02
3.091732226312160492e-02
4.365858063101768494e-02
3.623212501406669617e-02
2.693896740674972534e-02
4.612097889184951782e-02
4.275322332978248596e-02
3.047377429902553558e-02
3.470054268836975098e-02
3.885575756430625916e-02
3.241475299000740051e-02
2.837409637868404388e-02
4.451488703489303589e-02
3.556121885776519775e-02
3.040920570492744446e-02
4.704399034380912781e-02
3.516192734241485596e-02
2.958956360816955566e-02
3.209535032510757446e-02
3.196298703551292419e-02
3.281883895397186279e-02
2.861696854233741760e-02
2.860019169747829437e-02
2.794271707534790039e-02
2.811609022319316864e-02
3.921567276120185852e-02
4.111673682928085327e-02
2.866199240088462830e-02
3.122325241565704346e-02
3.515735268592834473e-02
2.789632230997085571e-02
3.634296357631683350e-02
3.898948803544044495e-02
2.963581122457981110e-02
3.650917857885360718e-02
3.807747364044189453e-02
3.292734548449516296e-02
4.345525056123733521e-02
5.763433873653411865e-02
3.473598137497901917e-02
3.281012177467346191e-02
6.759806722402572632e-02
6.076751276850700378e-02
3.191645070910453796e-02
4.138945788145065308e-02
4.012382775545120239e-02
3.595650941133499146e-02
4.395229741930961609e-02
3.910557553172111511e-02
2.888748422265052795e-02
4.287851601839065552e-02
2.935087867081165314e-02
3.270417451858520508e-02
3.976753354072570801e-02
4.071180894970893860e-02
3.455005958676338196e-02
2.748559601604938507e-02
2.984375320374965668e-02
2.629326283931732178e-02
3.689001873135566711e-02
3.903428092598915100e-02
2.795603312551975250e-02
2.739814482629299164e-02
4.339713230729103088e-02
3.407494351267814636e-02
3.085264377295970917e-02
4.304977878928184509e-02
2.864912897348403931e-02
2.923741936683654785e-02
2.654629200696945190e-02
2.799351513385772705e-02
2.721570618450641632e-02
2.827608585357666016e-02
3.236214071512222290e-02
3.581906110048294067e-02
2.847703732550144196e-02
2.893458120524883270e-02
3.104927577078342438e-02
2.927579358220100403e-02
4.474861919879913330e-02
4.076127335429191589e-02
2.894542552530765533e-02
3.630217537283897400e-02
3.515747189521789551e-02
3.022284246981143951e-02
3.175794333219528198e-02
3.627329319715499878e-02
3.327059000730514526e-02
2.817867323756217957e-02
2.834906987845897675e-02
3.137207031250000000e-02
3.355791047215461731e-02
3.036036342382431030e-02
3.063535690307617188e-02
2.977909334003925323e-02
3.313582390546798706e-02
2.717666327953338623e-02
2.962019108235836029e-02
3.170939907431602478e-02
2.877456136047840118e-02
4.024345055222511292e-02
3.763849288225173950e-02
2.839528582990169525e-02
3.658070042729377747e-02
3.129477426409721375e-02
2.998233027756214142e-02
3.594376146793365479e-02
3.385618329048156738e-02
2.959434874355792999e-02
3.440406173467636108e-02
3.437536582350730896e-02
3.051303513348102570e-02
3.027526102960109711e-02
3.393438458442687988e-02
2.815598435699939728e-02
3.293165937066078186e-02
3.464899212121963501e-02
2.881979197263717651e-02
3.442178294062614441e-02
3.114832378923892975e-02
2.755309827625751495e-02
3.347070887684822083e-02
3.331919014453887939e-02
3.097640164196491241e-02
3.176702186465263367e-02
3.116784617304801941e-02
2.808917686343193054e-02
3.534863144159317017e-02
4.215200245380401611e-02
4.111264646053314209e-02
2.653913199901580811e-02
3.413614630699157715e-02
4.238073155283927917e-02
3.018456138670444489e-02
3.187530115246772766e-02
4.784271866083145142e-02
3.847378864884376526e-02
2.592486888170242310e-02
4.182359203696250916e-02
3.836462274193763733e-02
2.740464918315410614e-02
3.037533722817897797e-02
2.969253994524478912e-02
2.901505865156650543e-02
2.655609324574470520e-02
3.166056424379348755e-02
2.970669046044349670e-02
2.626251988112926483e-02
2.515742368996143341e-02
3.197525814175605774e-02
3.235783055424690247e-02
2.700787968933582306e-02
2.879161015152931213e-02
2.748484723269939423e-02
2.842986769974231720e-02
3.793197497725486755e-02
3.442041203379631042e-02
2.911984175443649292e-02
3.466602414846420288e-02
3.452881798148155212e-02
2.959235943853855133e-02
3.063789568841457367e-02
2.866028994321823120e-02
3.007716871798038483e-02
3.005064092576503754e-02
2.891596779227256775e-02
3.138716146349906921e-02
3.550257906317710876e-02
3.251059353351593018e-02
3.431049361824989319e-02
3.978936001658439636e-02
2.656387165188789368e-02
3.115070052444934845e-02
3.076983243227005005e-02
3.053683228790760040e-02
2.759856544435024261e-02
3.955306112766265869e-02
2.997461706399917603e-02
2.738613635301589966e-02
2.823986858129501343e-02
3.606038540601730347e-02
3.747767582535743713e-02
3.661660477519035339e-02
3.100052848458290100e-02
2.970634959638118744e-02
2.575551718473434448e-02
3.650329634547233582e-02
2.666677907109260559e-02
2.824390493333339691e-02
3.095756657421588898e-02
3.014416433870792389e-02
2.905330806970596313e-02
2.827164344489574432e-02
3.146193921566009521e-02
3.035947121679782867e-02
2.847864106297492981e-02
2.996594272553920746e-02
3.120484761893749237e-02
3.009870275855064392e-02
3.270388394594192505e-02
4.846026003360748291e-02
3.549885377287864685e-02
2.992306835949420929e-02
3.749996423721313477e-02
3.888474777340888977e-02
2.981767058372497559e-02
3.188221529126167297e-02
3.125560656189918518e-02
2.692418731749057770e-02
2.828048542141914368e-02
2.472155541181564331e-02
3.204651549458503723e-02
3.544802963733673096e-02
3.099323995411396027e-02
2.832839265465736389e-02
3.298483416438102722e-02
3.447005152702331543e-02
3.730152174830436707e-02
2.807732671499252319e-02
3.091212362051010132e-02
3.412247449159622192e-02
2.851250208914279938e-02
3.350568562746047974e-02
3.333935141563415527e-02
3.161681443452835083e-02
3.034927882254123688e-02
3.081274777650833130e-02
2.822373993694782257e-02
2.751864120364189148e-02
2.805572003126144409e-02
2.624491788446903229e-02
2.885863929986953735e-02
3.630929067730903625e-02
4.356529191136360168e-02
3.328531980514526367e-02
2.946941740810871124e-02
3.586949408054351807e-02
3.442604094743728638e-02
3.054520115256309509e-02
2.923489734530448914e-02
3.227058798074722290e-02
2.912062779068946838e-02
2.727024629712104797e-02
2.744854055345058441e-02
2.558167837560176849e-02
2.814057469367980957e-02
2.878163009881973267e-02
2.321051061153411865e-02
2.481958642601966858e-02
3.261386603116989136e-02
2.971255406737327576e-02
3.418503701686859131e-02
4.305612668395042419e-02
3.378484770655632019e-02
2.528859116137027740e-02
2.816450037062168121e-02
3.138964250683784485e-02
3.161021694540977478e-02
2.700298093259334564e-02
3.838647529482841492e-02
3.859828785061836243e-02
4.386321827769279480e-02
3.110084123909473419e-02
2.784616872668266296e-02
3.736899048089981079e-02
3.222393617033958435e-02
2.835398167371749878e-02
3.081282041966915131e-02
3.001843392848968506e-02
3.241833299398422241e-02
3.739677369594573975e-02
3.274403885006904602e-02
3.474343940615653992e-02
3.368507325649261475e-02
3.127957507967948914e-02
2.709300629794597626e-02
3.143326565623283386e-02
3.254729881882667542e-02
3.055255115032196045e-02
2.890882454812526703e-02
2.512703277170658112e-02
2.542133070528507233e-02
2.809795364737510681e-02
2.949451282620429993e-02
3.183358535170555115e-02
3.195553645491600037e-02
2.811832167208194733e-02
3.956906497478485107e-02
3.518567606806755066e-02
2.877428755164146423e-02
2.972373366355895996e-02
3.110237792134284973e-02
2.849665097892284393e-02
2.910558693110942841e-02
2.891976200044155121e-02
3.640946373343467712e-02
3.161626309156417847e-02
2.524663135409355164e-02
2.893219888210296631e-02
2.957730367779731750e-02
3.061626851558685303e-02
3.053725883364677429e-02
3.021074831485748291e-02
3.020868264138698578e-02
3.172171115875244141e-02
2.945440635085105896e-02
2.672805823385715485e-02
3.102008998394012451e-02
2.872747369110584259e-02
3.121409192681312561e-02
3.049027174711227417e-02
2.870925515890121460e-02
2.711897902190685272e-02
3.186438232660293579e-02
2.787596173584461212e-02
3.000109270215034485e-02
2.768443524837493896e-02
2.809700556099414825e-02
4.305668175220489502e-02
2.814593724906444550e-02
3.052403405308723450e-02
4.388946294784545898e-02
3.177855163812637329e-02
2.818454802036285400e-02
3.150749951601028442e-02
2.945689670741558075e-02
3.122792765498161316e-02
2.382690645754337311e-02
2.688262239098548889e-02
2.809431031346321106e-02
2.848316542804241180e-02
2.718689292669296265e-02
2.908172830939292908e-02
3.060852922499179840e-02
2.758397348225116730e-02
3.054600581526756287e-02
2.718092687427997589e-02
3.199039399623870850e-02
3.434433788061141968e-02
3.340819850564002991e-02
2.749687805771827698e-02
2.934976667165756226e-02
2.800040505826473236e-02
2.905374392867088318e-02
3.601874411106109619e-02
2.996427007019519806e-02
3.070167265832424164e-02
3.667513281106948853e-02
3.344097360968589783e-02
3.181216493248939514e-02
4.192160069942474365e-02
3.055294416844844818e-02
4.049551114439964294e-02
5.543868988752365112e-02
3.907682746648788452e-02
2.746397815644741058e-02
6.486427038908004761e-02
6.994263082742691040e-02
3.159967064857482910e-02
4.841098189353942871e-02
8.156955242156982422e-02
4.518909007310867310e-02
3.170560672879219055e-02
4.035579040646553040e-02
2.934145554900169373e-02
2.865372039377689362e-02
3.221049532294273376e-02
3.059316799044609070e-02
2.970164455473423004e-02
3.473500162363052368e-02
3.054183535277843475e-02
2.540817297995090485e-02
2.676033601164817810e-02
2.918473072350025177e-02
2.855792082846164703e-02
2.485307864844799042e-02
2.763336710631847382e-02
3.093162178993225098e-02
3.867072239518165588e-02
2.665281668305397034e-02
3.709253668785095215e-02
4.969804361462593079e-02
3.684825077652931213e-02
3.018780611455440521e-02
4.078518971800804138e-02
2.786311320960521698e-02
3.660089150071144104e-02
3.191843628883361816e-02
3.093507513403892517e-02
3.944919630885124207e-02
3.212886303663253784e-02
3.082289174199104309e-02
3.325246274471282959e-02
2.833966910839080811e-02
3.131984546780586243e-02
3.306889533996582031e-02
2.650865912437438965e-02
3.262316063046455383e-02
3.916193917393684387e-02
2.789248526096343994e-02
3.341038897633552551e-02
2.849363349378108978e-02
2.976643107831478119e-02
5.095482990145683289e-02
4.685900360345840454e-02
2.711376361548900604e-02
3.998786211013793945e-02
4.046684131026268005e-02
2.820417471230030060e-02
4.246325418353080750e-02
3.229966759681701660e-02
2.529549784958362579e-02
3.948169574141502380e-02
3.882990777492523193e-02
2.976572327315807343e-02
2.677145414054393768e-02
2.559766359627246857e-02
2.515140920877456665e-02
2.815901301801204681e-02
2.585120126605033875e-02
2.477782405912876129e-02
2.887512743473052979e-02
3.084809146821498871e-02
2.577947452664375305e-02
2.733740583062171936e-02
3.300999477505683899e-02
2.976585924625396729e-02
2.744575589895248413e-02
3.445395454764366150e-02
4.229203984141349792e-02
3.012902662158012390e-02
3.202171996235847473e-02
3.743899613618850708e-02
3.049882873892784119e-02
3.064590506255626678e-02
3.939103335142135620e-02
3.165901452302932739e-02
2.812261693179607391e-02
3.070662915706634521e-02
3.039735928177833557e-02
2.775327488780021667e-02
3.368334844708442688e-02
2.783731557428836823e-02
2.673579193651676178e-02
2.910703420639038086e-02
2.897096425294876099e-02
2.509115636348724365e-02
3.124025277793407440e-02
2.948354557156562805e-02
2.291131392121315002e-02
3.761115670204162598e-02
2.832348085939884186e-02
3.010268136858940125e-02
2.790824323892593384e-02
2.733884565532207489e-02
2.915787696838378906e-02
2.841046079993247986e-02
2.778934128582477570e-02
2.827982231974601746e-02
3.161305934190750122e-02
2.469779737293720245e-02
3.212065994739532471e-02
3.933647647500038147e-02
3.030809946358203888e-02
3.075815923511981964e-02
3.710695728659629822e-02
3.388238698244094849e-02
3.065839409828186035e-02
3.762627393007278442e-02
3.006285987794399261e-02
3.186149522662162781e-02
2.925524488091468811e-02
2.950225211679935455e-02
3.314556553959846497e-02
2.898431383073329926e-02
2.949320524930953979e-02
2.687013149261474609e-02
2.958386205136775970e-02
3.211835771799087524e-02
3.308881074190139771e-02
3.135965019464492798e-02
2.681173197925090790e-02
2.737669646739959717e-02
2.717197872698307037e-02
2.784778364002704620e-02
2.688073925673961639e-02
2.960555069148540497e-02
