4.170486450195312500e+01
5.470301437377929688e+01
4.070792007446289062e+01
4.075231933593750000e+01
4.127014541625976562e+01
2.879850578308105469e+01
3.230271148681640625e+01
4.953616333007812500e+01
3.697346115112304688e+01
3.262689590454101562e+01
4.053496932983398438e+01
5.048208236694335938e+01
3.867794418334960938e+01
3.978214645385742188e+01
3.781269836425781250e+01
3.237804412841796875e+01
3.147130584716796875e+01
3.612921142578125000e+01
3.889036178588867188e+01
6.162004470825195312e+01
5.899957656860351562e+01
4.014286041259765625e+01
4.006518554687500000e+01
3.336488723754882812e+01
4.549114227294921875e+01
4.214664459228515625e+01
3.909770584106445312e+01
5.187166595458984375e+01
6.142819595336914062e+01
3.951555633544921875e+01
4.077568817138671875e+01
3.860134124755859375e+01
3.086313247680664062e+01
3.562038040161132812e+01
3.248891830444335938e+01
4.242566299438476562e+01
2.897207260131835938e+01
3.297030258178710938e+01
2.761369132995605469e+01
2.290788078308105469e+01
2.588201332092285156e+01
1.858267402648925781e+01
1.228694248199462891e+01
9.346757888793945312e+00
6.539124011993408203e+00
8.143018722534179688e+00
9.062538146972656250e+00
1.068329715728759766e+01
1.127451419830322266e+01
1.055288600921630859e+01
9.869050025939941406e+00
7.775865077972412109e+00
4.739364624023437500e+00
4.910590171813964844e+00
4.025008678436279297e+00
4.465799808502197266e+00
4.937841892242431641e+00
4.545751094818115234e+00
4.605271339416503906e+00
4.816815853118896484e+00
4.819047451019287109e+00
4.151558876037597656e+00
6.130696773529052734e+00
2.636175870895385742e+00
3.076850891113281250e+00
3.427848577499389648e+00
2.871585607528686523e+00
2.462996959686279297e+00
2.969933986663818359e+00
3.234654426574707031e+00
2.720404624938964844e+00
3.027336835861206055e+00
2.460931301116943359e+00
3.106117486953735352e+00
2.727660417556762695e+00
2.257629156112670898e+00
2.632994890213012695e+00
2.334798574447631836e+00
1.938930749893188477e+00
2.556214094161987305e+00
2.450811862945556641e+00
2.539048433303833008e+00
2.229230642318725586e+00
2.351487398147583008e+00
2.440370082855224609e+00
2.460131883621215820e+00
2.117287397384643555e+00
2.492035388946533203e+00
2.121875762939453125e+00
1.822711348533630371e+00
2.560233354568481445e+00
2.283478021621704102e+00
2.320877790451049805e+00
2.065098285675048828e+00
2.361237764358520508e+00
1.986000776290893555e+00
2.278849363327026367e+00
2.172688961029052734e+00
2.247395038604736328e+00
2.190111160278320312e+00
1.979216456413269043e+00
2.246298551559448242e+00
2.131538152694702148e+00
2.224566459655761719e+00
2.062216043472290039e+00
2.433159589767456055e+00
2.158455848693847656e+00
2.307248592376708984e+00
2.000913143157958984e+00
2.107103109359741211e+00
2.116976261138916016e+00
2.167287588119506836e+00
1.687695145606994629e+00
2.225434541702270508e+00
2.409276008605957031e+00
1.975908637046813965e+00
2.216108322143554688e+00
1.826222896575927734e+00
2.257286071777343750e+00
1.928236603736877441e+00
2.057675838470458984e+00
1.991024851799011230e+00
2.220068454742431641e+00
2.096092939376831055e+00
1.951663017272949219e+00
2.047915935516357422e+00
2.217265605926513672e+00
2.459239482879638672e+00
1.874054312705993652e+00
1.822901487350463867e+00
1.832982301712036133e+00
2.079538583755493164e+00
2.174423694610595703e+00
1.854780673980712891e+00
2.090471029281616211e+00
1.866013050079345703e+00
1.929786920547485352e+00
1.934426784515380859e+00
2.274206161499023438e+00
2.205617904663085938e+00
1.989578962326049805e+00
2.130528926849365234e+00
1.799538969993591309e+00
1.917712807655334473e+00
1.700154662132263184e+00
1.935461997985839844e+00
2.013829708099365234e+00
1.934940576553344727e+00
2.076296091079711914e+00
2.239521265029907227e+00
1.941618204116821289e+00
1.733732342720031738e+00
2.153102397918701172e+00
1.755650162696838379e+00
1.955657958984375000e+00
1.883449792861938477e+00
2.396273612976074219e+00
2.089028358459472656e+00
1.901248455047607422e+00
2.083534240722656250e+00
1.900785088539123535e+00
1.986090779304504395e+00
2.259937763214111328e+00
1.921309232711791992e+00
1.936849355697631836e+00
1.885866045951843262e+00
1.807685017585754395e+00
1.961179494857788086e+00
1.698659062385559082e+00
1.904312729835510254e+00
1.646669507026672363e+00
2.187357902526855469e+00
2.145807027816772461e+00
1.630355000495910645e+00
1.777589678764343262e+00
1.892083048820495605e+00
1.702279686927795410e+00
2.037234544754028320e+00
2.031727552413940430e+00
1.869991064071655273e+00
1.725662827491760254e+00
1.811030507087707520e+00
1.944597005844116211e+00
1.948779821395874023e+00
1.755334734916687012e+00
1.736323714256286621e+00
1.808543324470520020e+00
1.677003622055053711e+00
2.121333599090576172e+00
1.645606994628906250e+00
1.809117674827575684e+00
1.817639708518981934e+00
1.466539859771728516e+00
1.681430220603942871e+00
1.589732646942138672e+00
1.893522977828979492e+00
1.782206416130065918e+00
2.150726556777954102e+00
1.959545373916625977e+00
1.777405381202697754e+00
1.572037458419799805e+00
1.564653038978576660e+00
1.722006440162658691e+00
1.764419436454772949e+00
1.593734264373779297e+00
1.962803959846496582e+00
1.634577989578247070e+00
1.560547947883605957e+00
1.922594547271728516e+00
1.437630414962768555e+00
1.470228910446166992e+00
1.651903748512268066e+00
1.797814488410949707e+00
1.415511965751647949e+00
1.792414307594299316e+00
1.365510940551757812e+00
1.413437485694885254e+00
1.685452699661254883e+00
1.516949176788330078e+00
1.588123679161071777e+00
1.752418160438537598e+00
1.437513589859008789e+00
1.843861222267150879e+00
1.517574071884155273e+00
1.840754866600036621e+00
1.602771520614624023e+00
1.658723354339599609e+00
1.478917121887207031e+00
1.561403155326843262e+00
1.486525297164916992e+00
1.516437649726867676e+00
1.466752767562866211e+00
1.509566187858581543e+00
1.337505221366882324e+00
1.270496845245361328e+00
1.291212081909179688e+00
1.402578592300415039e+00
1.356541872024536133e+00
1.419193148612976074e+00
1.750021934509277344e+00
1.951606035232543945e+00
1.759810090065002441e+00
1.395159244537353516e+00
1.719405293464660645e+00
1.348917007446289062e+00
1.425455808639526367e+00
1.918442487716674805e+00
1.341527342796325684e+00
1.612515449523925781e+00
1.692108750343322754e+00
1.341387867927551270e+00
1.616305470466613770e+00
1.637263178825378418e+00
1.166989564895629883e+00
1.027992248535156250e+00
1.223762869834899902e+00
1.290491104125976562e+00
1.431951284408569336e+00
1.429736137390136719e+00
1.341677308082580566e+00
1.098645925521850586e+00
1.732966661453247070e+00
1.131604433059692383e+00
1.227719306945800781e+00
1.638147950172424316e+00
1.282733201980590820e+00
1.919113755226135254e+00
1.523830175399780273e+00
1.373025298118591309e+00
1.720754504203796387e+00
1.384634256362915039e+00
1.226685047149658203e+00
1.357609391212463379e+00
1.241047620773315430e+00
1.030842900276184082e+00
1.258045673370361328e+00
1.243603825569152832e+00
1.191994428634643555e+00
1.335000634193420410e+00
1.374174833297729492e+00
1.120512008666992188e+00
1.224951744079589844e+00
1.177451252937316895e+00
1.037759900093078613e+00
1.078942894935607910e+00
1.098158717155456543e+00
1.128751039505004883e+00
1.222340583801269531e+00
1.177905440330505371e+00
1.059901714324951172e+00
9.688777327537536621e-01
1.100285410881042480e+00
9.992033839225769043e-01
9.364239573478698730e-01
9.516305327415466309e-01
1.176970124244689941e+00
1.066293358802795410e+00
1.029154419898986816e+00
9.202610254287719727e-01
1.391581535339355469e+00
9.498722553253173828e-01
1.220288276672363281e+00
1.065885305404663086e+00
1.063605546951293945e+00
1.096273183822631836e+00
1.097897768020629883e+00
8.586837649345397949e-01
1.189343690872192383e+00
1.036868453025817871e+00
9.761513471603393555e-01
1.122357368469238281e+00
1.328801512718200684e+00
9.832264184951782227e-01
1.147464036941528320e+00
7.890413403511047363e-01
9.451718926429748535e-01
9.164832830429077148e-01
9.816226363182067871e-01
9.840047955513000488e-01
1.103128314018249512e+00
8.095687627792358398e-01
8.020974993705749512e-01
1.051110982894897461e+00
8.266720771789550781e-01
1.128464698791503906e+00
1.038548231124877930e+00
1.017567396163940430e+00
1.020707845687866211e+00
1.266383647918701172e+00
1.161600351333618164e+00
1.607666015625000000e+00
9.441923499107360840e-01
1.072358369827270508e+00
1.863654375076293945e+00
8.362992405891418457e-01
1.241405367851257324e+00
1.192032456398010254e+00
8.963727355003356934e-01
1.056365251541137695e+00
1.111664175987243652e+00
8.079746961593627930e-01
7.525227665901184082e-01
1.051998496055603027e+00
7.436633706092834473e-01
7.733553051948547363e-01
7.299299836158752441e-01
8.975982666015625000e-01
8.934940099716186523e-01
8.308917880058288574e-01
7.642078399658203125e-01
7.518108487129211426e-01
7.475938796997070312e-01
8.790651559829711914e-01
6.526613831520080566e-01
8.157725930213928223e-01
8.058263063430786133e-01
8.407539129257202148e-01
7.394694089889526367e-01
8.302214145660400391e-01
6.589506864547729492e-01
8.815675973892211914e-01
7.576614022254943848e-01
7.176358699798583984e-01
7.548041343688964844e-01
6.637741327285766602e-01
7.000464200973510742e-01
7.917671799659729004e-01
7.186855673789978027e-01
8.061348199844360352e-01
9.598751068115234375e-01
7.613574862480163574e-01
8.399088382720947266e-01
9.273185729980468750e-01
7.202450037002563477e-01
8.570985794067382812e-01
6.848202943801879883e-01
7.927356362342834473e-01
7.368993163108825684e-01
6.358955502510070801e-01
7.553158998489379883e-01
7.583016753196716309e-01
8.375146389007568359e-01
7.098639607429504395e-01
7.610706686973571777e-01
8.678407073020935059e-01
6.686074137687683105e-01
7.498510479927062988e-01
7.657566070556640625e-01
6.089693903923034668e-01
6.897074580192565918e-01
7.051886916160583496e-01
6.234028339385986328e-01
7.447980046272277832e-01
7.890594005584716797e-01
5.843975543975830078e-01
6.413581371307373047e-01
7.154679894447326660e-01
6.893119215965270996e-01
6.773307323455810547e-01
5.599497556686401367e-01
6.304057240486145020e-01
7.081551551818847656e-01
7.572574615478515625e-01
5.930615663528442383e-01
6.808882951736450195e-01
7.927346825599670410e-01
5.927382707595825195e-01
7.495126128196716309e-01
5.747311711311340332e-01
6.413723230361938477e-01
6.690285205841064453e-01
6.324463486671447754e-01
6.590127348899841309e-01
6.443014144897460938e-01
5.360102057456970215e-01
6.570505499839782715e-01
6.649946570396423340e-01
5.784763693809509277e-01
5.766558051109313965e-01
5.375265479087829590e-01
5.017437934875488281e-01
7.182918787002563477e-01
5.893047451972961426e-01
6.323996186256408691e-01
5.928485393524169922e-01
5.883740782737731934e-01
4.977854192256927490e-01
5.403004884719848633e-01
5.053673386573791504e-01
5.762959718704223633e-01
5.233467221260070801e-01
5.791755318641662598e-01
5.133453607559204102e-01
5.065419673919677734e-01
4.994899034500122070e-01
4.744111895561218262e-01
5.241347551345825195e-01
4.919408559799194336e-01
4.670495986938476562e-01
4.660998582839965820e-01
4.562034606933593750e-01
5.379596948623657227e-01
5.508058071136474609e-01
5.311701893806457520e-01
5.078628063201904297e-01
5.088818669319152832e-01
5.370308160781860352e-01
5.059944391250610352e-01
4.618222713470458984e-01
5.120333433151245117e-01
5.120524168014526367e-01
4.883108139038085938e-01
5.522317886352539062e-01
5.012373328208923340e-01
4.820835590362548828e-01
4.923668503761291504e-01
5.072568655014038086e-01
4.956403076648712158e-01
4.620624780654907227e-01
4.436277449131011963e-01
5.008091926574707031e-01
4.327165782451629639e-01
4.744979143142700195e-01
5.033543109893798828e-01
4.705396890640258789e-01
4.468435645103454590e-01
4.315047860145568848e-01
4.146154224872589111e-01
4.854682981967926025e-01
4.956724047660827637e-01
5.367621183395385742e-01
5.547070503234863281e-01
4.415074884891510010e-01
4.734792113304138184e-01
4.446877539157867432e-01
5.065506696701049805e-01
5.738316774368286133e-01
4.707770645618438721e-01
4.340566694736480713e-01
4.261476695537567139e-01
5.458844304084777832e-01
5.262454748153686523e-01
4.725136160850524902e-01
4.485523402690887451e-01
4.982389807701110840e-01
4.820515513420104980e-01
4.041450023651123047e-01
4.342348873615264893e-01
4.654932022094726562e-01
4.406075477600097656e-01
4.651941359043121338e-01
4.727241396903991699e-01
4.209132194519042969e-01
4.712655246257781982e-01
5.500673651695251465e-01
4.244738221168518066e-01
4.119151532649993896e-01
4.250055551528930664e-01
4.401329755783081055e-01
4.212798178195953369e-01
4.693173170089721680e-01
3.891135454177856445e-01
4.149802327156066895e-01
4.378806054592132568e-01
4.186442792415618896e-01
4.006366729736328125e-01
4.457588493824005127e-01
4.128787219524383545e-01
4.166398346424102783e-01
4.413957297801971436e-01
3.995046317577362061e-01
4.704241454601287842e-01
4.454120397567749023e-01
4.062418043613433838e-01
4.587526023387908936e-01
4.405583441257476807e-01
4.311397373676300049e-01
4.103035628795623779e-01
4.353138804435729980e-01
4.378358721733093262e-01
3.933189511299133301e-01
4.258866012096405029e-01
3.968846499919891357e-01
3.834011256694793701e-01
4.545717239379882812e-01
4.833985269069671631e-01
4.180986285209655762e-01
4.718399941921234131e-01
4.976194798946380615e-01
3.920022845268249512e-01
4.655345976352691650e-01
4.355793297290802002e-01
4.816032052040100098e-01
4.908059537410736084e-01
4.069452285766601562e-01
4.183518886566162109e-01
4.191503822803497314e-01
4.409672915935516357e-01
4.109653234481811523e-01
4.512031972408294678e-01
4.553286731243133545e-01
4.402272701263427734e-01
3.957390785217285156e-01
4.165178239345550537e-01
4.510931968688964844e-01
4.068631231784820557e-01
3.829039335250854492e-01
4.701510667800903320e-01
4.143322110176086426e-01
4.298386275768280029e-01
4.619842469692230225e-01
3.971271514892578125e-01
3.963570594787597656e-01
3.967784941196441650e-01
4.389382898807525635e-01
3.888583779335021973e-01
4.564266502857208252e-01
3.938675820827484131e-01
3.983906507492065430e-01
4.311324954032897949e-01
4.565789699554443359e-01
5.077788829803466797e-01
3.820208609104156494e-01
4.663589298725128174e-01
3.588385879993438721e-01
4.807057678699493408e-01
5.736545920372009277e-01
4.766662418842315674e-01
4.935531020164489746e-01
4.051737487316131592e-01
5.127937793731689453e-01
4.392963647842407227e-01
5.087662339210510254e-01
4.301046431064605713e-01
4.254657328128814697e-01
4.626756906509399414e-01
5.227114558219909668e-01
4.021008312702178955e-01
5.530405640602111816e-01
3.540018200874328613e-01
4.679116904735565186e-01
4.475558400154113770e-01
4.265534877777099609e-01
4.485338628292083740e-01
4.377322793006896973e-01
4.209967553615570068e-01
4.359560608863830566e-01
4.296098351478576660e-01
4.136504530906677246e-01
4.091683328151702881e-01
4.460874795913696289e-01
4.787699580192565918e-01
4.271770417690277100e-01
4.511321783065795898e-01
4.224106967449188232e-01
4.029720425605773926e-01
4.122740030288696289e-01
3.886662423610687256e-01
3.854250609874725342e-01
4.201533496379852295e-01
3.948937356472015381e-01
4.409492015838623047e-01
3.942857086658477783e-01
4.189405739307403564e-01
4.104432463645935059e-01
4.449064433574676514e-01
4.502198696136474609e-01
4.428723156452178955e-01
4.332531392574310303e-01
4.166747927665710449e-01
3.828862905502319336e-01
4.027312397956848145e-01
5.075722932815551758e-01
4.352923035621643066e-01
4.491172134876251221e-01
3.852549493312835693e-01
4.655315876007080078e-01
3.772962689399719238e-01
3.655279576778411865e-01
3.701218962669372559e-01
4.150545895099639893e-01
3.740661740303039551e-01
4.380857944488525391e-01
4.249183833599090576e-01
4.094316661357879639e-01
3.729946315288543701e-01
4.288906455039978027e-01
4.208952486515045166e-01
3.911742568016052246e-01
4.043393433094024658e-01
3.845279812812805176e-01
4.434719383716583252e-01
3.987046182155609131e-01
4.157342314720153809e-01
4.096610546112060547e-01
4.180479645729064941e-01
3.873003721237182617e-01
4.053435325622558594e-01
4.021907150745391846e-01
3.930937349796295166e-01
4.275370240211486816e-01
4.000854790210723877e-01
4.382929801940917969e-01
4.459502995014190674e-01
4.611263871192932129e-01
3.996286690235137939e-01
3.986386060714721680e-01
4.200524091720581055e-01
4.135079681873321533e-01
4.688910841941833496e-01
4.761896431446075439e-01
4.015311598777770996e-01
4.926059842109680176e-01
4.437610805034637451e-01
4.038243293762207031e-01
3.961697220802307129e-01
4.339561760425567627e-01
4.486900866031646729e-01
3.888460099697113037e-01
4.456132650375366211e-01
3.842574954032897949e-01
3.994970619678497314e-01
3.972109556198120117e-01
4.145878255367279053e-01
3.845487534999847412e-01
3.753717839717864990e-01
3.950823843479156494e-01
4.827210605144500732e-01
3.513880074024200439e-01
3.793251216411590576e-01
4.402870237827301025e-01
4.500309228897094727e-01
4.911282360553741455e-01
3.686852455139160156e-01
4.126695394515991211e-01
4.263512790203094482e-01
4.435097873210906982e-01
4.316647648811340332e-01
4.441474378108978271e-01
4.050333201885223389e-01
3.745879232883453369e-01
4.110171496868133545e-01
4.280486106872558594e-01
4.063780605792999268e-01
4.404584765434265137e-01
4.117564558982849121e-01
3.974468708038330078e-01
3.745382428169250488e-01
3.694103360176086426e-01
3.532477915287017822e-01
4.406810998916625977e-01
3.875340223312377930e-01
4.548738002777099609e-01
3.780376911163330078e-01
4.318831562995910645e-01
5.031160116195678711e-01
4.079552292823791504e-01
3.738832771778106689e-01
5.011004805564880371e-01
3.970626294612884521e-01
4.113305211067199707e-01
4.300463795661926270e-01
3.411709666252136230e-01
3.974252343177795410e-01
4.219437241554260254e-01
3.917952775955200195e-01
3.804070949554443359e-01
3.932498395442962646e-01
4.235405325889587402e-01
3.954713940620422363e-01
3.618664443492889404e-01
4.465523362159729004e-01
3.436675071716308594e-01
4.248387515544891357e-01
3.853900134563446045e-01
3.861509561538696289e-01
4.347975850105285645e-01
3.857482969760894775e-01
4.662682116031646729e-01
4.097438752651214600e-01
4.232271909713745117e-01
3.827217221260070801e-01
4.986681342124938965e-01
4.089569449424743652e-01
3.804627060890197754e-01
3.573153913021087646e-01
3.954216837882995605e-01
3.995624482631683350e-01
3.702873587608337402e-01
3.636645078659057617e-01
3.590421378612518311e-01
3.626715242862701416e-01
3.944708406925201416e-01
3.814577460289001465e-01
3.545295000076293945e-01
3.740022778511047363e-01
3.742319345474243164e-01
4.305418729782104492e-01
3.763018548488616943e-01
3.245669007301330566e-01
4.064407050609588623e-01
3.499656915664672852e-01
3.681638836860656738e-01
3.732648491859436035e-01
3.855744302272796631e-01
3.714993894100189209e-01
3.926301896572113037e-01
3.544217646121978760e-01
4.007582962512969971e-01
4.149182140827178955e-01
4.003578126430511475e-01
3.894858062267303467e-01
3.838442564010620117e-01
4.054062366485595703e-01
3.869884908199310303e-01
3.822592198848724365e-01
3.935243785381317139e-01
3.622009754180908203e-01
3.522240221500396729e-01
3.959630429744720459e-01
3.803750872611999512e-01
4.087364673614501953e-01
3.907476067543029785e-01
3.845984041690826416e-01
4.021098017692565918e-01
4.286672174930572510e-01
3.373451828956604004e-01
3.534538447856903076e-01
3.719961643218994141e-01
4.050354063510894775e-01
3.772490322589874268e-01
3.811547458171844482e-01
4.497483372688293457e-01
3.978113532066345215e-01
3.506507873535156250e-01
4.048359096050262451e-01
4.049288034439086914e-01
3.649991154670715332e-01
3.756276071071624756e-01
3.515305221080780029e-01
3.884186148643493652e-01
3.991972208023071289e-01
3.344498872756958008e-01
4.278183877468109131e-01
4.040999114513397217e-01
3.881611824035644531e-01
4.114848077297210693e-01
4.346875846385955811e-01
3.968200385570526123e-01
3.983099162578582764e-01
3.482109308242797852e-01
4.389768242835998535e-01
3.688373863697052002e-01
3.490234017372131348e-01
4.176517724990844727e-01
3.634322583675384521e-01
3.435485661029815674e-01
3.637380003929138184e-01
3.279991447925567627e-01
3.848874568939208984e-01
3.741997182369232178e-01
3.439836502075195312e-01
4.217262864112854004e-01
3.524984121322631836e-01
3.719834089279174805e-01
4.063158333301544189e-01
3.885094225406646729e-01
3.567291200160980225e-01
4.058077931404113770e-01
4.221463799476623535e-01
3.558513224124908447e-01
4.177538454532623291e-01
3.595226407051086426e-01
4.122889637947082520e-01
4.219951331615447998e-01
3.943481147289276123e-01
3.760035336017608643e-01
3.769397735595703125e-01
3.932987153530120850e-01
3.493800759315490723e-01
3.861292600631713867e-01
4.147147536277770996e-01
3.511748313903808594e-01
3.864688277244567871e-01
3.972637951374053955e-01
4.228719472885131836e-01
3.685910105705261230e-01
4.103147983551025391e-01
3.775329291820526123e-01
3.589491248130798340e-01
3.506528437137603760e-01
4.051722586154937744e-01
3.954324722290039062e-01
3.874361515045166016e-01
3.525435328483581543e-01
3.543938994407653809e-01
3.737716078758239746e-01
4.009076654911041260e-01
3.835530281066894531e-01
3.954569399356842041e-01
4.015516936779022217e-01
3.822650015354156494e-01
3.988629877567291260e-01
3.808709979057312012e-01
3.853892087936401367e-01
3.643753230571746826e-01
3.924740552902221680e-01
3.878507614135742188e-01
4.061437845230102539e-01
3.787655234336853027e-01
3.644022345542907715e-01
4.024222195148468018e-01
3.580785393714904785e-01
3.885067105293273926e-01
3.881697654724121094e-01
3.403654098510742188e-01
3.848103582859039307e-01
3.787153661251068115e-01
3.987066745758056641e-01
3.495888411998748779e-01
3.407340049743652344e-01
3.792762160301208496e-01
3.549301624298095703e-01
3.910537958145141602e-01
4.521918892860412598e-01
3.530066907405853271e-01
3.746016919612884521e-01
3.972905874252319336e-01
3.354385197162628174e-01
3.624845445156097412e-01
3.843127191066741943e-01
4.178100228309631348e-01
4.140395224094390869e-01
4.132517874240875244e-01
3.769628405570983887e-01
4.303283989429473877e-01
4.073653221130371094e-01
3.317898213863372803e-01
4.478829503059387207e-01
3.198834657669067383e-01
4.104016721248626709e-01
4.086303710937500000e-01
3.615215122699737549e-01
3.641720116138458252e-01
3.811273574829101562e-01
4.303035438060760498e-01
3.551627695560455322e-01
4.084100723266601562e-01
4.419211149215698242e-01
3.719817698001861572e-01
4.032903015613555908e-01
3.779121637344360352e-01
3.461154401302337646e-01
3.847285211086273193e-01
6.196089982986450195e-01
4.119934439659118652e-01
4.474683105945587158e-01
3.596016168594360352e-01
3.692300319671630859e-01
5.052463412284851074e-01
3.810453712940216064e-01
3.916448950767517090e-01
4.181036949157714844e-01
3.611387014389038086e-01
3.706365227699279785e-01
4.300175905227661133e-01
3.909052014350891113e-01
3.538722991943359375e-01
3.853493928909301758e-01
3.925213515758514404e-01
3.495573103427886963e-01
3.909524381160736084e-01
4.440940916538238525e-01
3.967282176017761230e-01
3.396115005016326904e-01
3.709095716476440430e-01
4.214843511581420898e-01
4.129543900489807129e-01
3.667782247066497803e-01
3.913685083389282227e-01
4.501711130142211914e-01
3.829068243503570557e-01
3.698794543743133545e-01
4.186162054538726807e-01
3.373474478721618652e-01
4.434247910976409912e-01
4.181368350982666016e-01
3.985356986522674561e-01
3.943319022655487061e-01
3.922654092311859131e-01
4.383277297019958496e-01
3.744753897190093994e-01
3.408165872097015381e-01
4.152760505676269531e-01
4.087402224540710449e-01
3.956990242004394531e-01
3.539351522922515869e-01
3.672941029071807861e-01
3.747617006301879883e-01
3.811523020267486572e-01
3.855209946632385254e-01
3.726483285427093506e-01
3.947837054729461670e-01
3.828915953636169434e-01
4.097810685634613037e-01
3.769235908985137939e-01
3.998962044715881348e-01
3.260916769504547119e-01
3.671199083328247070e-01
3.852117657661437988e-01
3.835571110248565674e-01
3.696498274803161621e-01
3.868203759193420410e-01
3.913672864437103271e-01
4.310621321201324463e-01
3.725134134292602539e-01
3.642749190330505371e-01
4.004622399806976318e-01
3.791033625602722168e-01
3.439754843711853027e-01
3.455436229705810547e-01
3.513393104076385498e-01
4.212664961814880371e-01
3.577397763729095459e-01
3.882445991039276123e-01
3.425023257732391357e-01
3.360322415828704834e-01
3.968935906887054443e-01
3.848740458488464355e-01
3.294884264469146729e-01
3.385866284370422363e-01
3.673098683357238770e-01
3.629481196403503418e-01
3.580921590328216553e-01
3.247075378894805908e-01
4.228645861148834229e-01
3.494716882705688477e-01
4.156907498836517334e-01
3.629493713378906250e-01
4.226197004318237305e-01
3.332881629467010498e-01
4.057888686656951904e-01
4.262446761131286621e-01
3.837083578109741211e-01
3.949848115444183350e-01
3.617311120033264160e-01
3.805904686450958252e-01
3.337516784667968750e-01
4.123439788818359375e-01
3.694920837879180908e-01
3.890543878078460693e-01
3.822232186794281006e-01
3.235387802124023438e-01
3.664368987083435059e-01
3.991965949535369873e-01
3.600998222827911377e-01
3.786940574645996094e-01
4.117245972156524658e-01
3.490419983863830566e-01
3.509991466999053955e-01
3.564524650573730469e-01
3.440782427787780762e-01
3.487648665904998779e-01
3.952353000640869141e-01
3.828966021537780762e-01
3.506227433681488037e-01
3.794101178646087646e-01
3.675593137741088867e-01
3.407223820686340332e-01
3.246457278728485107e-01
3.806455135345458984e-01
3.781658411026000977e-01
4.007577002048492432e-01
3.752208352088928223e-01
3.939276635646820068e-01
3.430855572223663330e-01
3.630662262439727783e-01
3.769345283508300781e-01
3.178357481956481934e-01
3.455281257629394531e-01
3.308202922344207764e-01
4.111484587192535400e-01
3.335560262203216553e-01
3.772638738155364990e-01
3.487312197685241699e-01
3.618639707565307617e-01
3.843705952167510986e-01
3.536545038223266602e-01
3.685960173606872559e-01
4.440648853778839111e-01
3.856602609157562256e-01
3.802112340927124023e-01
3.903498351573944092e-01
3.636308312416076660e-01
3.207742571830749512e-01
3.713076710700988770e-01
3.872989118099212646e-01
3.425534963607788086e-01
3.466117382049560547e-01
3.509172201156616211e-01
3.737593591213226318e-01
3.961309492588043213e-01
3.460269570350646973e-01
3.951491117477416992e-01
3.603704571723937988e-01
3.816236257553100586e-01
3.780250847339630127e-01
3.755895197391510010e-01
4.494951963424682617e-01
3.526849746704101562e-01
4.164616763591766357e-01
4.189293384552001953e-01
3.779195249080657959e-01
3.761170208454132080e-01
3.807692229747772217e-01
3.297890722751617432e-01
3.578451275825500488e-01
3.913900554180145264e-01
3.572128117084503174e-01
3.513540327548980713e-01
3.625076115131378174e-01
3.804512023925781250e-01
3.862626552581787109e-01
3.629853129386901855e-01
4.166464507579803467e-01
3.515692055225372314e-01
3.766711354255676270e-01
4.431825876235961914e-01
4.018395543098449707e-01
3.899216651916503906e-01
3.720642030239105225e-01
4.288142025470733643e-01
3.717418313026428223e-01
3.740113973617553711e-01
3.617304861545562744e-01
3.459568917751312256e-01
3.360177576541900635e-01
3.587315976619720459e-01
3.735241889953613281e-01
3.681502640247344971e-01
4.044465720653533936e-01
3.771714568138122559e-01
3.558924496173858643e-01
3.821973502635955811e-01
3.733315169811248779e-01
3.269840776920318604e-01
4.736295342445373535e-01
3.769336342811584473e-01
4.075787961483001709e-01
3.787888288497924805e-01
3.587942719459533691e-01
3.208776414394378662e-01
3.559382259845733643e-01
3.702718019485473633e-01
3.419347405433654785e-01
3.737363815307617188e-01
3.828825950622558594e-01
3.758409619331359863e-01
3.235976696014404297e-01
3.700653612613677979e-01
3.791737854480743408e-01
3.588886559009552002e-01
4.001203179359436035e-01
3.519650399684906006e-01
3.989010453224182129e-01
3.812528252601623535e-01
3.764792382717132568e-01
4.025185406208038330e-01
3.431587517261505127e-01
3.634805381298065186e-01
3.354390561580657959e-01
3.720207512378692627e-01
3.427637815475463867e-01
3.555853366851806641e-01
3.456418216228485107e-01
3.434524536132812500e-01
3.322404026985168457e-01
3.526666462421417236e-01
3.542142808437347412e-01
3.503738045692443848e-01
3.907126486301422119e-01
3.333899974822998047e-01
3.169506192207336426e-01
3.182558119297027588e-01
3.491238653659820557e-01
3.589227497577667236e-01
3.946540951728820801e-01
3.568488061428070068e-01
3.509885072708129883e-01
3.444274961948394775e-01
3.448277115821838379e-01
3.697288036346435547e-01
3.460010588169097900e-01
3.670093715190887451e-01
3.430013656616210938e-01
3.398107290267944336e-01
3.315303027629852295e-01
3.351450562477111816e-01
3.259644210338592529e-01
2.985418438911437988e-01
3.276595175266265869e-01
3.405341804027557373e-01
3.529684841632843018e-01
3.696975409984588623e-01
3.502998650074005127e-01
3.177259862422943115e-01
3.429441452026367188e-01
3.558832108974456787e-01
3.399356901645660400e-01
3.622583150863647461e-01
3.222377896308898926e-01
3.194644153118133545e-01
3.176591992378234863e-01
3.204682767391204834e-01
3.408881425857543945e-01
3.120817244052886963e-01
3.775643408298492432e-01
3.398525416851043701e-01
3.044296205043792725e-01
3.158866167068481445e-01
3.103931844234466553e-01
2.925668060779571533e-01
2.835754752159118652e-01
3.417086899280548096e-01
3.007995188236236572e-01
3.586035966873168945e-01
3.295774757862091064e-01
3.528306782245635986e-01
3.924702107906341553e-01
3.877851366996765137e-01
3.626647889614105225e-01
3.233622908592224121e-01
2.910047471523284912e-01
3.399672806262969971e-01
3.552804291248321533e-01
2.946726679801940918e-01
3.291854858398437500e-01
3.225154876708984375e-01
3.268986940383911133e-01
3.506894111633300781e-01
3.493111431598663330e-01
3.435149192810058594e-01
3.348239958286285400e-01
2.918028831481933594e-01
3.233271539211273193e-01
3.493493199348449707e-01
2.874760627746582031e-01
3.275959789752960205e-01
3.053439855575561523e-01
3.335144817829132080e-01
3.200267255306243896e-01
3.448961973190307617e-01
3.413806855678558350e-01
3.181262612342834473e-01
3.375358879566192627e-01
3.550426959991455078e-01
2.650424242019653320e-01
3.616423606872558594e-01
3.508326113224029541e-01
3.381135761737823486e-01
2.680324614048004150e-01
3.106952905654907227e-01
3.327813744544982910e-01
3.043793737888336182e-01
3.132760226726531982e-01
2.848486900329589844e-01
3.182612061500549316e-01
3.021262586116790771e-01
3.323023617267608643e-01
3.308219909667968750e-01
2.664727270603179932e-01
3.343343436717987061e-01
3.382851481437683105e-01
2.928172945976257324e-01
3.294085264205932617e-01
3.375350534915924072e-01
2.966316342353820801e-01
3.544532656669616699e-01
2.926768958568572998e-01
2.773086726665496826e-01
3.242658376693725586e-01
2.783054709434509277e-01
3.212257623672485352e-01
3.060994744300842285e-01
3.005751967430114746e-01
3.037602305412292480e-01
3.415997922420501709e-01
2.994787991046905518e-01
2.959653735160827637e-01
2.905553579330444336e-01
3.004005849361419678e-01
2.847162187099456787e-01
2.743299305438995361e-01
2.902428805828094482e-01
2.668161690235137939e-01
3.280898928642272949e-01
2.779726386070251465e-01
2.934878468513488770e-01
2.849431931972503662e-01
2.909285724163055420e-01
3.056797683238983154e-01
2.688633501529693604e-01
2.938326299190521240e-01
3.128193020820617676e-01
2.893504798412322998e-01
2.768808007240295410e-01
2.892834544181823730e-01
3.021484315395355225e-01
2.888773083686828613e-01
3.099499940872192383e-01
2.777567505836486816e-01
3.237815499305725098e-01
2.815928757190704346e-01
3.031702041625976562e-01
2.876997590065002441e-01
3.180642724037170410e-01
3.360659778118133545e-01
2.936064898967742920e-01
2.915220260620117188e-01
2.877602279186248779e-01
2.769695520401000977e-01
2.551256120204925537e-01
3.115612268447875977e-01
3.147231042385101318e-01
2.647431790828704834e-01
2.663294970989227295e-01
2.866649329662322998e-01
2.736526131629943848e-01
2.795855104923248291e-01
2.850112020969390869e-01
2.887561023235321045e-01
3.012345433235168457e-01
3.196158707141876221e-01
3.380025923252105713e-01
2.940788865089416504e-01
2.815146148204803467e-01
3.243073523044586182e-01
3.145407438278198242e-01
3.306902348995208740e-01
3.023185133934020996e-01
3.104901313781738281e-01
2.835226058959960938e-01
3.019340038299560547e-01
3.102477788925170898e-01
3.219266533851623535e-01
2.978169322013854980e-01
3.112333118915557861e-01
2.896156907081604004e-01
2.924615740776062012e-01
2.946503758430480957e-01
3.031464517116546631e-01
2.852211594581604004e-01
2.815603911876678467e-01
2.732812762260437012e-01
2.914803624153137207e-01
2.842450439929962158e-01
2.924991548061370850e-01
2.793104946613311768e-01
2.740938365459442139e-01
2.639261484146118164e-01
2.849324941635131836e-01
3.171345591545104980e-01
2.665098607540130615e-01
2.715757191181182861e-01
3.149999380111694336e-01
3.086324036121368408e-01
2.805869281291961670e-01
2.907025218009948730e-01
2.631635665893554688e-01
2.878009676933288574e-01
2.964062988758087158e-01
2.815899550914764404e-01
2.602544724941253662e-01
2.800596952438354492e-01
3.204509317874908447e-01
2.997777163982391357e-01
2.765741050243377686e-01
2.637528479099273682e-01
3.008074164390563965e-01
2.894704043865203857e-01
2.999551892280578613e-01
2.847041785717010498e-01
2.491927593946456909e-01
3.026261329650878906e-01
2.604239284992218018e-01
2.863795161247253418e-01
2.862946689128875732e-01
2.616958618164062500e-01
2.920240461826324463e-01
3.081941902637481689e-01
2.777159512042999268e-01
2.951630651950836182e-01
3.101096749305725098e-01
2.943301498889923096e-01
2.608629465103149414e-01
2.924915254116058350e-01
2.731788158416748047e-01
2.913523912429809570e-01
2.889477312564849854e-01
2.754610180854797363e-01
2.885596752166748047e-01
2.938040196895599365e-01
3.094925284385681152e-01
2.820407748222351074e-01
3.111826181411743164e-01
2.804065346717834473e-01
3.017202615737915039e-01
2.594027817249298096e-01
2.893509864807128906e-01
2.768829464912414551e-01
2.862075865268707275e-01
2.917812168598175049e-01
2.869129180908203125e-01
2.760557234287261963e-01
2.844687104225158691e-01
2.885327041149139404e-01
3.081184029579162598e-01
3.029419481754302979e-01
2.775717377662658691e-01
2.546206712722778320e-01
2.676898837089538574e-01
2.793874442577362061e-01
3.069751262664794922e-01
3.144628107547760010e-01
3.134715557098388672e-01
3.013831675052642822e-01
2.822926044464111328e-01
2.629705369472503662e-01
2.835357785224914551e-01
3.073199391365051270e-01
2.793021202087402344e-01
2.862801253795623779e-01
2.564727663993835449e-01
2.997461855411529541e-01
2.975879013538360596e-01
2.834420800209045410e-01
2.752462029457092285e-01
3.354083895683288574e-01
2.804822921752929688e-01
3.085273802280426025e-01
2.952715158462524414e-01
2.751723825931549072e-01
2.981620430946350098e-01
2.699461877346038818e-01
3.043262362480163574e-01
2.939579188823699951e-01
3.093484342098236084e-01
3.160661756992340088e-01
3.004799783229827881e-01
2.957150638103485107e-01
2.986449897289276123e-01
2.620645165443420410e-01
2.897843122482299805e-01
2.706734538078308105e-01
2.801671922206878662e-01
2.758858203887939453e-01
3.033152818679809570e-01
2.982279658317565918e-01
3.069742619991302490e-01
2.855325341224670410e-01
2.451094090938568115e-01
3.029355704784393311e-01
3.043758571147918701e-01
2.855380177497863770e-01
2.805095016956329346e-01
3.114537894725799561e-01
3.066397607326507568e-01
3.183417618274688721e-01
2.986958920955657959e-01
3.404543101787567139e-01
3.023015558719635010e-01
2.952178418636322021e-01
3.223023116588592529e-01
2.923382222652435303e-01
2.931206226348876953e-01
2.973350882530212402e-01
3.510841727256774902e-01
3.145453631877899170e-01
3.372795581817626953e-01
2.766998112201690674e-01
3.331101536750793457e-01
3.295394778251647949e-01
3.092541098594665527e-01
2.969275712966918945e-01
2.886275649070739746e-01
2.953687608242034912e-01
3.155677616596221924e-01
3.414163291454315186e-01
3.012343049049377441e-01
3.219028711318969727e-01
2.919804453849792480e-01
2.941296696662902832e-01
2.897329330444335938e-01
2.927120625972747803e-01
2.936823666095733643e-01
2.892045676708221436e-01
2.941986620426177979e-01
2.477010935544967651e-01
2.825039923191070557e-01
2.667581439018249512e-01
3.146220743656158447e-01
3.085262179374694824e-01
3.366853594779968262e-01
2.741191089153289795e-01
2.984553277492523193e-01
2.829670310020446777e-01
2.971099913120269775e-01
2.794801592826843262e-01
3.164666891098022461e-01
2.882978618144989014e-01
2.985295355319976807e-01
3.492074608802795410e-01
2.873244285583496094e-01
3.039538562297821045e-01
2.981151640415191650e-01
3.198388814926147461e-01
2.963257133960723877e-01
3.222617506980895996e-01
2.943508028984069824e-01
3.017553687095642090e-01
2.947064340114593506e-01
3.048851490020751953e-01
3.027186393737792969e-01
3.063878118991851807e-01
2.856999635696411133e-01
2.916361987590789795e-01
3.030526936054229736e-01
3.421362638473510742e-01
3.080257773399353027e-01
3.154895603656768799e-01
3.037324845790863037e-01
2.857874631881713867e-01
3.026437163352966309e-01
3.043523728847503662e-01
2.849914431571960449e-01
2.878413200378417969e-01
2.952283620834350586e-01
2.811689376831054688e-01
3.073170185089111328e-01
2.895417511463165283e-01
3.501155972480773926e-01
2.894077599048614502e-01
3.024456501007080078e-01
3.152409195899963379e-01
3.449775874614715576e-01
3.064823746681213379e-01
2.980617880821228027e-01
3.180105984210968018e-01
2.898500859737396240e-01
2.871297895908355713e-01
3.064197897911071777e-01
2.711155116558074951e-01
2.732945382595062256e-01
2.589061260223388672e-01
3.062734901905059814e-01
2.674151957035064697e-01
2.705219388008117676e-01
2.617490887641906738e-01
3.174655437469482422e-01
2.533178627490997314e-01
2.632514536380767822e-01
3.195523917675018311e-01
3.035205602645874023e-01
2.524401545524597168e-01
2.536323964595794678e-01
2.479688376188278198e-01
2.936965525150299072e-01
2.851727008819580078e-01
2.795091569423675537e-01
2.764486670494079590e-01
2.777186632156372070e-01
2.534558773040771484e-01
2.667759358882904053e-01
4.370971620082855225e-01
3.054297864437103271e-01
3.037358820438385010e-01
2.412459701299667358e-01
3.195247948169708252e-01
2.717041373252868652e-01
2.919103205204010010e-01
2.706769108772277832e-01
2.699464857578277588e-01
2.841947376728057861e-01
2.879716455936431885e-01
2.851438820362091064e-01
2.997884452342987061e-01
2.960262894630432129e-01
2.977181077003479004e-01
2.597304880619049072e-01
2.644864320755004883e-01
3.215034902095794678e-01
2.783080637454986572e-01
2.846563160419464111e-01
2.977543771266937256e-01
2.659214138984680176e-01
2.979634702205657959e-01
2.625502645969390869e-01
2.705981731414794922e-01
2.673703432083129883e-01
2.790378928184509277e-01
2.707276344299316406e-01
2.472525537014007568e-01
2.697518765926361084e-01
2.419637441635131836e-01
2.752850353717803955e-01
2.684500217437744141e-01
2.410370707511901855e-01
2.922885119915008545e-01
2.324918061494827271e-01
2.715398669242858887e-01
2.439002394676208496e-01
2.579044103622436523e-01
2.474676370620727539e-01
2.790599167346954346e-01
2.803016901016235352e-01
2.653906941413879395e-01
2.535451352596282959e-01
2.436182349920272827e-01
2.496222108602523804e-01
2.650232911109924316e-01
2.307508140802383423e-01
2.564484477043151855e-01
2.314621508121490479e-01
2.504505217075347900e-01
2.370941638946533203e-01
2.266937196254730225e-01
2.993753850460052490e-01
2.592211663722991943e-01
2.366750389337539673e-01
2.730151414871215820e-01
2.619077861309051514e-01
2.616867423057556152e-01
2.154275625944137573e-01
2.543431222438812256e-01
2.275103628635406494e-01
2.494336366653442383e-01
2.404710054397583008e-01
2.433989793062210083e-01
2.515655457973480225e-01
2.233584374189376831e-01
2.868609428405761719e-01
2.345555722713470459e-01
2.429601252079010010e-01
2.651752829551696777e-01
2.363285273313522339e-01
2.197529971599578857e-01
2.482182234525680542e-01
2.720376253128051758e-01
2.450401932001113892e-01
2.737402021884918213e-01
2.417785078287124634e-01
2.371152639389038086e-01
2.642433047294616699e-01
2.594277560710906982e-01
2.587740123271942139e-01
2.674301266670227051e-01
2.656110525131225586e-01
2.466816008090972900e-01
2.686271071434020996e-01
2.624396383762359619e-01
2.570152878761291504e-01
2.505037784576416016e-01
2.523207664489746094e-01
2.676373124122619629e-01
2.519759833812713623e-01
2.373585999011993408e-01
2.741359770298004150e-01
2.735247313976287842e-01
2.488850057125091553e-01
2.511328458786010742e-01
2.219059318304061890e-01
2.422915846109390259e-01
2.321722209453582764e-01
2.701034247875213623e-01
2.518607974052429199e-01
2.652860283851623535e-01
2.745428085327148438e-01
2.425120770931243896e-01
2.518926262855529785e-01
2.501758635044097900e-01
2.579182386398315430e-01
2.234950512647628784e-01
2.259625047445297241e-01
2.683428227901458740e-01
2.346450388431549072e-01
2.660324871540069580e-01
2.298064380884170532e-01
2.333673238754272461e-01
2.278548777103424072e-01
2.073477804660797119e-01
2.314807474613189697e-01
2.475921511650085449e-01
2.312675118446350098e-01
2.115734517574310303e-01
2.221682816743850708e-01
2.279734313488006592e-01
2.495543509721755981e-01
2.392936795949935913e-01
2.332210242748260498e-01
2.360828220844268799e-01
2.182909697294235229e-01
2.053315341472625732e-01
2.394717931747436523e-01
2.371734678745269775e-01
2.169406563043594360e-01
2.271661758422851562e-01
2.171872407197952271e-01
2.238211482763290405e-01
2.326136827468872070e-01
2.160166949033737183e-01
2.311050295829772949e-01
2.607697248458862305e-01
2.686600089073181152e-01
2.544958591461181641e-01
2.258637547492980957e-01
2.206129580736160278e-01
2.265154570341110229e-01
2.128729224205017090e-01
2.170845568180084229e-01
2.354755550622940063e-01
2.504197061061859131e-01
2.766408026218414307e-01
2.776438295841217041e-01
2.256722003221511841e-01
2.698559761047363281e-01
2.648656964302062988e-01
2.666865587234497070e-01
2.556412220001220703e-01
2.812779843807220459e-01
2.569310963153839111e-01
2.480483800172805786e-01
2.678602933883666992e-01
2.400380820035934448e-01
2.351166158914566040e-01
2.241123020648956299e-01
2.444309294223785400e-01
2.392173111438751221e-01
2.190419584512710571e-01
2.273727655410766602e-01
2.383616566658020020e-01
2.168896198272705078e-01
2.151488214731216431e-01
2.315182089805603027e-01
2.483792006969451904e-01
2.483496665954589844e-01
2.429832071065902710e-01
2.214064002037048340e-01
2.271779179573059082e-01
2.130927890539169312e-01
2.330669164657592773e-01
2.605367302894592285e-01
2.220807224512100220e-01
2.465704530477523804e-01
2.291110157966613770e-01
2.364179193973541260e-01
2.183738052845001221e-01
2.274948358535766602e-01
1.976384818553924561e-01
2.338075786828994751e-01
2.010034173727035522e-01
2.225171178579330444e-01
2.038766592741012573e-01
2.449887841939926147e-01
2.134346216917037964e-01
2.247399389743804932e-01
2.156815230846405029e-01
2.335863262414932251e-01
2.249456644058227539e-01
2.107400298118591309e-01
2.310689687728881836e-01
2.110161036252975464e-01
2.187943607568740845e-01
2.207307368516921997e-01
1.999275982379913330e-01
2.207377403974533081e-01
2.108886837959289551e-01
2.230169773101806641e-01
2.742243707180023193e-01
2.086651176214218140e-01
2.096224874258041382e-01
2.182425260543823242e-01
2.529312074184417725e-01
2.680962383747100830e-01
2.249961346387863159e-01
2.387352883815765381e-01
2.287806868553161621e-01
2.527249157428741455e-01
2.268008142709732056e-01
2.110320925712585449e-01
2.146857678890228271e-01
2.219070345163345337e-01
2.090824395418167114e-01
2.359492927789688110e-01
2.284449487924575806e-01
2.102291285991668701e-01
1.840579360723495483e-01
2.154532521963119507e-01
2.177599966526031494e-01
2.150847762823104858e-01
1.896756440401077271e-01
2.290419489145278931e-01
2.425037920475006104e-01
2.079592347145080566e-01
2.200199216604232788e-01
2.286624014377593994e-01
2.044328451156616211e-01
2.173800021409988403e-01
2.185101062059402466e-01
2.275148928165435791e-01
2.300822883844375610e-01
2.199189513921737671e-01
2.104638814926147461e-01
2.240475267171859741e-01
2.130786180496215820e-01
2.273826897144317627e-01
2.229105681180953979e-01
2.154954969882965088e-01
1.993101388216018677e-01
2.072528302669525146e-01
2.142376154661178589e-01
2.069127410650253296e-01
2.109506279230117798e-01
2.251712232828140259e-01
2.054386138916015625e-01
2.310407757759094238e-01
2.213640213012695312e-01
2.459886819124221802e-01
2.346403151750564575e-01
2.316472828388214111e-01
2.141854912042617798e-01
2.192094624042510986e-01
2.601211965084075928e-01
2.050188034772872925e-01
2.171390801668167114e-01
1.991360485553741455e-01
2.157267183065414429e-01
2.121455371379852295e-01
2.221450656652450562e-01
2.087049782276153564e-01
2.210057973861694336e-01
2.458094805479049683e-01
2.250565588474273682e-01
2.373265326023101807e-01
2.200943529605865479e-01
2.039308845996856689e-01
2.055516242980957031e-01
2.147112041711807251e-01
1.992093473672866821e-01
2.026559114456176758e-01
1.934116780757904053e-01
2.015686631202697754e-01
2.035363316535949707e-01
2.183416336774826050e-01
2.221210151910781860e-01
2.082674354314804077e-01
2.227962166070938110e-01
2.499561905860900879e-01
2.108701616525650024e-01
2.024241685867309570e-01
2.303872555494308472e-01
2.279311120510101318e-01
2.272587567567825317e-01
2.272338420152664185e-01
2.246883660554885864e-01
2.350916266441345215e-01
2.214752733707427979e-01
2.044345140457153320e-01
2.234899848699569702e-01
1.962507814168930054e-01
2.252817153930664062e-01
2.213067710399627686e-01
2.346628308296203613e-01
2.157613933086395264e-01
2.025228291749954224e-01
2.043258249759674072e-01
2.096439898014068604e-01
2.252574115991592407e-01
1.866098791360855103e-01
1.891022771596908569e-01
1.935788542032241821e-01
2.275622934103012085e-01
2.089038789272308350e-01
2.226296812295913696e-01
2.012823820114135742e-01
2.186211645603179932e-01
1.928948312997817993e-01
2.115754485130310059e-01
2.021487504243850708e-01
1.858259886503219604e-01
2.131270021200180054e-01
2.116083800792694092e-01
2.122385352849960327e-01
1.892544031143188477e-01
2.129503935575485229e-01
2.424744665622711182e-01
1.922484487295150757e-01
1.937547475099563599e-01
2.245434969663619995e-01
1.924935579299926758e-01
2.057894468307495117e-01
1.877456307411193848e-01
1.912259310483932495e-01
1.847214102745056152e-01
1.908381879329681396e-01
1.864113807678222656e-01
2.001761794090270996e-01
2.022189795970916748e-01
2.087881565093994141e-01
2.047340571880340576e-01
2.065173685550689697e-01
2.117598801851272583e-01
2.029176503419876099e-01
1.886690258979797363e-01
2.309520393610000610e-01
2.139679342508316040e-01
2.100776433944702148e-01
2.121847271919250488e-01
2.202619910240173340e-01
2.294119894504547119e-01
2.243975549936294556e-01
2.386634647846221924e-01
2.075420618057250977e-01
2.027704566717147827e-01
2.068446725606918335e-01
1.974064260721206665e-01
2.158205360174179077e-01
2.258340716361999512e-01
2.398046255111694336e-01
2.242383360862731934e-01
2.115801125764846802e-01
2.335336208343505859e-01
1.973442882299423218e-01
2.198298871517181396e-01
2.004847675561904907e-01
2.117510139942169189e-01
2.017568051815032959e-01
2.180028110742568970e-01
2.051216959953308105e-01
2.161561995744705200e-01
1.843780875205993652e-01
2.047344595193862915e-01
2.171714901924133301e-01
1.958058923482894897e-01
1.823388040065765381e-01
1.957500576972961426e-01
1.946379244327545166e-01
1.958817839622497559e-01
2.064749002456665039e-01
2.091203629970550537e-01
2.085559517145156860e-01
2.291903197765350342e-01
1.893739551305770874e-01
2.220116853713989258e-01
2.169684022665023804e-01
2.050484418869018555e-01
1.961540579795837402e-01
1.879482716321945190e-01
1.993745565414428711e-01
1.867946088314056396e-01
2.305437475442886353e-01
1.868381202220916748e-01
1.950627118349075317e-01
2.085135579109191895e-01
2.085330933332443237e-01
2.063131630420684814e-01
2.104456424713134766e-01
2.064237892627716064e-01
2.057862579822540283e-01
2.182601988315582275e-01
2.085181325674057007e-01
2.022928744554519653e-01
2.277559190988540649e-01
2.056109458208084106e-01
1.966852396726608276e-01
2.196467220783233643e-01
1.727458983659744263e-01
1.928112953901290894e-01
1.865764707326889038e-01
2.075329869985580444e-01
1.841532737016677856e-01
1.814825087785720825e-01
1.757847219705581665e-01
2.003207653760910034e-01
2.089371532201766968e-01
2.005165517330169678e-01
2.125406861305236816e-01
2.096640169620513916e-01
2.014441341161727905e-01
1.927720308303833008e-01
1.925936639308929443e-01
1.842966973781585693e-01
2.096744626760482788e-01
2.270676195621490479e-01
1.833183169364929199e-01
2.191012203693389893e-01
1.998622268438339233e-01
2.184944152832031250e-01
2.196667343378067017e-01
2.261351943016052246e-01
2.138461321592330933e-01
1.872018277645111084e-01
2.026297897100448608e-01
2.338031083345413208e-01
2.184376567602157593e-01
1.700293272733688354e-01
2.057386040687561035e-01
2.118860930204391479e-01
1.985675990581512451e-01
1.984424591064453125e-01
1.960076391696929932e-01
1.812019199132919312e-01
2.137192189693450928e-01
1.980504989624023438e-01
2.405542135238647461e-01
2.284763902425765991e-01
2.443369030952453613e-01
1.985962539911270142e-01
2.319672405719757080e-01
2.248573303222656250e-01
1.867567747831344604e-01
2.006753981113433838e-01
1.943681091070175171e-01
2.065705209970474243e-01
1.931617856025695801e-01
2.046586722135543823e-01
1.931535452604293823e-01
2.043657302856445312e-01
1.949867159128189087e-01
2.220083475112915039e-01
2.020679861307144165e-01
2.051152884960174561e-01
1.992907822132110596e-01
2.071659862995147705e-01
1.780431568622589111e-01
2.024971991777420044e-01
2.902123332023620605e-01
2.118712216615676880e-01
2.442629486322402954e-01
2.257547080516815186e-01
2.314939796924591064e-01
2.085936218500137329e-01
2.057984769344329834e-01
2.261482924222946167e-01
2.456632852554321289e-01
2.426181435585021973e-01
2.065367996692657471e-01
2.408019155263900757e-01
2.320123612880706787e-01
2.494445592164993286e-01
2.062729150056838989e-01
2.081764191389083862e-01
2.081293761730194092e-01
2.492732405662536621e-01
2.276859134435653687e-01
1.899379640817642212e-01
1.997604072093963623e-01
2.100798487663269043e-01
2.040741592645645142e-01
2.131791710853576660e-01
1.987984329462051392e-01
