6.838646888732910156e+00
7.826317310333251953e+00
6.758937358856201172e+00
6.281013011932373047e+00
7.000372886657714844e+00
7.117562770843505859e+00
6.644172191619873047e+00
7.827045440673828125e+00
7.082907676696777344e+00
6.209057807922363281e+00
6.709132194519042969e+00
7.259175777435302734e+00
6.524714946746826172e+00
6.398339748382568359e+00
6.424351215362548828e+00
6.124060630798339844e+00
6.747456550598144531e+00
6.539155483245849609e+00
6.698079586029052734e+00
5.752810955047607422e+00
6.964546680450439453e+00
5.741072654724121094e+00
7.028816223144531250e+00
6.234656333923339844e+00
5.886393070220947266e+00
5.402598381042480469e+00
5.722664833068847656e+00
5.353296279907226562e+00
5.678549766540527344e+00
6.324553489685058594e+00
3.906446933746337891e+00
3.985557556152343750e+00
3.881471157073974609e+00
3.704647064208984375e+00
3.288684844970703125e+00
2.819793939590454102e+00
2.868281841278076172e+00
3.101274728775024414e+00
3.355542898178100586e+00
2.984422206878662109e+00
3.107068777084350586e+00
2.684098243713378906e+00
3.116295337677001953e+00
2.327534914016723633e+00
2.902599096298217773e+00
2.327433347702026367e+00
2.216748476028442383e+00
2.639759063720703125e+00
2.118844509124755859e+00
3.391163825988769531e+00
2.839042186737060547e+00
2.964725255966186523e+00
2.469812870025634766e+00
2.887035369873046875e+00
2.412465333938598633e+00
3.079469203948974609e+00
2.764258384704589844e+00
2.525513410568237305e+00
2.432778596878051758e+00
2.652806758880615234e+00
2.116435050964355469e+00
2.206236839294433594e+00
2.785564661026000977e+00
2.511365890502929688e+00
2.365504980087280273e+00
2.894197940826416016e+00
2.568420886993408203e+00
2.540050506591796875e+00
2.444684505462646484e+00
2.494804620742797852e+00
2.878736019134521484e+00
2.883143901824951172e+00
2.790972471237182617e+00
2.389234542846679688e+00
2.323911905288696289e+00
2.153252601623535156e+00
2.532963991165161133e+00
2.380399703979492188e+00
2.305048942565917969e+00
2.615551233291625977e+00
2.322541236877441406e+00
2.572398900985717773e+00
2.192721128463745117e+00
1.953109145164489746e+00
2.402553558349609375e+00
2.500867366790771484e+00
2.227800846099853516e+00
2.384870052337646484e+00
2.032532691955566406e+00
2.205494403839111328e+00
2.294422388076782227e+00
2.098601818084716797e+00
2.032508373260498047e+00
2.145891666412353516e+00
2.169066429138183594e+00
1.996372342109680176e+00
2.490670204162597656e+00
2.101419925689697266e+00
2.287613153457641602e+00
2.124342679977416992e+00
2.041587114334106445e+00
1.805856823921203613e+00
2.099671602249145508e+00
1.906228423118591309e+00
1.906246542930603027e+00
2.085922241210937500e+00
2.140534877777099609e+00
1.645629644393920898e+00
2.057586193084716797e+00
1.968746066093444824e+00
2.164927482604980469e+00
1.926196694374084473e+00
2.124945402145385742e+00
2.549469470977783203e+00
1.749721884727478027e+00
2.001926422119140625e+00
2.117884159088134766e+00
1.987407565116882324e+00
2.256775379180908203e+00
1.767002820968627930e+00
1.516374826431274414e+00
1.976814985275268555e+00
1.955333352088928223e+00
1.669234752655029297e+00
1.778884887695312500e+00
1.644809961318969727e+00
2.172488451004028320e+00
2.037104845046997070e+00
2.174396038055419922e+00
1.570623397827148438e+00
1.610158920288085938e+00
1.824878931045532227e+00
1.625302076339721680e+00
1.490611195564270020e+00
1.668092846870422363e+00
1.421189308166503906e+00
1.905138850212097168e+00
1.549484014511108398e+00
1.335437774658203125e+00
1.632670998573303223e+00
1.475376486778259277e+00
1.664638161659240723e+00
1.580966472625732422e+00
1.482782959938049316e+00
1.340332388877868652e+00
1.554692268371582031e+00
1.399672031402587891e+00
1.536743998527526855e+00
1.206045269966125488e+00
1.308516383171081543e+00
1.021812915802001953e+00
1.257590413093566895e+00
1.019391655921936035e+00
9.398357272148132324e-01
9.661891460418701172e-01
1.085556983947753906e+00
6.872529387474060059e-01
1.116553068161010742e+00
8.484248518943786621e-01
8.505672812461853027e-01
1.164574384689331055e+00
9.038659334182739258e-01
9.213008880615234375e-01
6.440871953964233398e-01
9.277507066726684570e-01
7.401293516159057617e-01
6.969297528266906738e-01
7.574094533920288086e-01
7.029102444648742676e-01
7.293407917022705078e-01
6.245784163475036621e-01
6.649762392044067383e-01
6.697130203247070312e-01
6.571595072746276855e-01
6.530614495277404785e-01
6.580111384391784668e-01
8.104770183563232422e-01
8.624976277351379395e-01
7.715981006622314453e-01
7.019604444503784180e-01
6.437195539474487305e-01
7.438994646072387695e-01
6.285881996154785156e-01
6.715381741523742676e-01
7.280765771865844727e-01
5.594494938850402832e-01
6.453076601028442383e-01
7.362053394317626953e-01
6.695405244827270508e-01
5.808433890342712402e-01
6.634866595268249512e-01
6.330994963645935059e-01
5.971978306770324707e-01
4.893043637275695801e-01
6.363102793693542480e-01
5.682560801506042480e-01
6.643755435943603516e-01
5.601423978805541992e-01
7.669466137886047363e-01
6.960062384605407715e-01
5.874290466308593750e-01
5.597325563430786133e-01
8.366312980651855469e-01
6.069760918617248535e-01
5.440640449523925781e-01
4.940553009510040283e-01
7.487625479698181152e-01
5.854440331459045410e-01
5.623029470443725586e-01
5.631570219993591309e-01
5.886939764022827148e-01
5.172879099845886230e-01
6.446658372879028320e-01
5.280216932296752930e-01
6.239705085754394531e-01
5.948897600173950195e-01
5.559547543525695801e-01
5.330613255500793457e-01
4.293486177921295166e-01
5.576717853546142578e-01
5.281271338462829590e-01
4.738014936447143555e-01
4.055118858814239502e-01
5.230939984321594238e-01
5.020104050636291504e-01
6.068047285079956055e-01
5.251639485359191895e-01
5.148709416389465332e-01
5.308902859687805176e-01
5.769621729850769043e-01
5.500924587249755859e-01
4.863883256912231445e-01
5.489985346794128418e-01
5.819044113159179688e-01
7.950440645217895508e-01
5.332390666007995605e-01
6.306154727935791016e-01
5.000596046447753906e-01
5.624371767044067383e-01
4.931055605411529541e-01
5.229278802871704102e-01
4.320652782917022705e-01
7.157945632934570312e-01
5.585856437683105469e-01
4.701769649982452393e-01
5.172811746597290039e-01
4.632516503334045410e-01
4.383309483528137207e-01
4.942462742328643799e-01
3.793441951274871826e-01
4.259171485900878906e-01
4.701501727104187012e-01
4.138295948505401611e-01
6.405144929885864258e-01
4.932407438755035400e-01
5.251855850219726562e-01
6.381282210350036621e-01
3.816424012184143066e-01
4.583472311496734619e-01
4.734569787979125977e-01
3.986662626266479492e-01
5.065342187881469727e-01
6.059548854827880859e-01
4.837399721145629883e-01
5.015320777893066406e-01
5.260086059570312500e-01
3.399959504604339600e-01
5.531755089759826660e-01
4.066849946975708008e-01
4.759981334209442139e-01
4.219493567943572998e-01
5.100802183151245117e-01
5.660988688468933105e-01
4.774483740329742432e-01
4.555557966232299805e-01
4.987100362777709961e-01
4.817304015159606934e-01
7.025886178016662598e-01
4.946045577526092529e-01
4.540208578109741211e-01
5.512505173683166504e-01
4.646691977977752686e-01
5.892661809921264648e-01
4.120559394359588623e-01
4.317592978477478027e-01
4.326571524143218994e-01
5.567774772644042969e-01
4.063474535942077637e-01
4.486087560653686523e-01
4.404669106006622314e-01
4.698873460292816162e-01
4.895051121711730957e-01
5.665723681449890137e-01
4.265654683113098145e-01
4.285202026367187500e-01
3.488192856311798096e-01
4.740860164165496826e-01
4.115890264511108398e-01
4.700179398059844971e-01
5.320548415184020996e-01
4.889081716537475586e-01
5.259946584701538086e-01
3.810790479183197021e-01
4.745790958404541016e-01
4.263272881507873535e-01
5.218010544776916504e-01
5.293656587600708008e-01
3.352509140968322754e-01
3.106844723224639893e-01
4.819777011871337891e-01
3.582243323326110840e-01
4.440131485462188721e-01
5.015367269515991211e-01
4.979991912841796875e-01
3.793098628520965576e-01
5.694684982299804688e-01
4.379998445510864258e-01
3.431528210639953613e-01
4.839729666709899902e-01
4.861122071743011475e-01
3.994669616222381592e-01
3.872817456722259521e-01
4.826219677925109863e-01
5.187231302261352539e-01
4.880524575710296631e-01
5.577023625373840332e-01
3.825507462024688721e-01
4.644303917884826660e-01
5.306302309036254883e-01
3.560473620891571045e-01
4.502265751361846924e-01
3.696339428424835205e-01
4.112167656421661377e-01
3.883712589740753174e-01
5.116261839866638184e-01
3.447320759296417236e-01
3.767103254795074463e-01
3.760633170604705811e-01
4.257853031158447266e-01
4.448303282260894775e-01
5.094971060752868652e-01
3.379439711570739746e-01
4.603069126605987549e-01
4.003764688968658447e-01
3.779080212116241455e-01
5.147808790206909180e-01
4.116163849830627441e-01
4.729059636592864990e-01
4.486023485660552979e-01
3.463336527347564697e-01
3.884348571300506592e-01
4.414219260215759277e-01
4.529907703399658203e-01
3.440809845924377441e-01
4.534833431243896484e-01
3.080370724201202393e-01
4.190516173839569092e-01
3.971469700336456299e-01
3.443165719509124756e-01
4.232425391674041748e-01
5.158016085624694824e-01
3.778778910636901855e-01
4.325663447380065918e-01
4.527252912521362305e-01
3.441214263439178467e-01
3.801688551902770996e-01
5.321977138519287109e-01
3.411547541618347168e-01
4.691069722175598145e-01
5.062042474746704102e-01
4.263945817947387695e-01
3.826892077922821045e-01
4.151826202869415283e-01
3.338630497455596924e-01
3.411548733711242676e-01
5.820366740226745605e-01
4.276366531848907471e-01
3.785631656646728516e-01
4.351440668106079102e-01
3.655082881450653076e-01
4.210328161716461182e-01
3.840162754058837891e-01
3.859926462173461914e-01
3.654668331146240234e-01
3.863157629966735840e-01
3.577300012111663818e-01
4.244462549686431885e-01
3.922106921672821045e-01
4.465889632701873779e-01
4.652467072010040283e-01
4.056605398654937744e-01
4.026775956153869629e-01
3.899747729301452637e-01
3.611046969890594482e-01
3.947119414806365967e-01
3.713772892951965332e-01
3.749848902225494385e-01
4.382919371128082275e-01
3.430639207363128662e-01
4.018809795379638672e-01
3.740189075469970703e-01
4.591368734836578369e-01
4.290633499622344971e-01
4.157496988773345947e-01
3.536579608917236328e-01
3.629461824893951416e-01
3.783109486103057861e-01
4.355888068675994873e-01
4.170498549938201904e-01
3.987131118774414062e-01
3.455914258956909180e-01
5.856735706329345703e-01
4.786239862442016602e-01
3.719206452369689941e-01
4.653207957744598389e-01
3.804270923137664795e-01
5.616284012794494629e-01
4.167282879352569580e-01
3.981690108776092529e-01
4.147498607635498047e-01
3.211535215377807617e-01
3.408266305923461914e-01
3.728224337100982666e-01
3.165243566036224365e-01
5.741916894912719727e-01
4.211789369583129883e-01
3.754104673862457275e-01
3.513376712799072266e-01
4.981799423694610596e-01
3.174259662628173828e-01
3.440949320793151855e-01
3.903772532939910889e-01
4.365512430667877197e-01
3.817065358161926270e-01
4.647193253040313721e-01
4.520931541919708252e-01
3.687607347965240479e-01
3.707832396030426025e-01
4.890895187854766846e-01
4.320517480373382568e-01
3.713550567626953125e-01
4.155631363391876221e-01
3.699253201484680176e-01
3.650734424591064453e-01
4.583493769168853760e-01
3.564284443855285645e-01
3.608270883560180664e-01
5.296820998191833496e-01
4.281688630580902100e-01
4.089528918266296387e-01
3.481842577457427979e-01
3.106694221496582031e-01
3.669012188911437988e-01
3.094907701015472412e-01
4.959231615066528320e-01
3.613538742065429688e-01
4.160355627536773682e-01
4.539179205894470215e-01
3.268523812294006348e-01
3.843810558319091797e-01
4.097603857517242432e-01
3.807083964347839355e-01
4.567306637763977051e-01
3.802725374698638916e-01
3.663030862808227539e-01
3.303148448467254639e-01
4.317054748535156250e-01
4.592778384685516357e-01
3.904817700386047363e-01
4.114543199539184570e-01
4.766751825809478760e-01
4.204196333885192871e-01
3.365454077720642090e-01
4.216899573802947998e-01
4.347077012062072754e-01
4.131428301334381104e-01
5.274404287338256836e-01
3.541627526283264160e-01
4.109402894973754883e-01
3.889050185680389404e-01
3.712410926818847656e-01
3.875916600227355957e-01
4.216602742671966553e-01
3.412481248378753662e-01
3.971056640148162842e-01
3.946500420570373535e-01
4.585984945297241211e-01
4.661121368408203125e-01
3.161392509937286377e-01
5.309188365936279297e-01
5.251278877258300781e-01
4.182706773281097412e-01
4.371518790721893311e-01
5.694171190261840820e-01
4.040521085262298584e-01
3.019151091575622559e-01
3.259215056896209717e-01
4.905264675617218018e-01
4.164948463439941406e-01
3.949594795703887939e-01
4.157235920429229736e-01
4.278208911418914795e-01
3.343203067779541016e-01
3.260477781295776367e-01
3.505147397518157959e-01
3.785718381404876709e-01
3.719784617424011230e-01
3.302741646766662598e-01
5.415628552436828613e-01
3.582160472869873047e-01
3.214880824089050293e-01
3.880972564220428467e-01
3.923835158348083496e-01
4.537260532379150391e-01
4.129679203033447266e-01
5.068554282188415527e-01
3.662166297435760498e-01
4.284663200378417969e-01
4.295787513256072998e-01
3.896526098251342773e-01
3.530021905899047852e-01
4.085404276847839355e-01
3.957504034042358398e-01
3.461558520793914795e-01
4.105798602104187012e-01
3.629625737667083740e-01
3.825165927410125732e-01
3.559300303459167480e-01
4.098448455333709717e-01
3.878605961799621582e-01
3.670470714569091797e-01
5.007994771003723145e-01
3.614054918289184570e-01
3.784257173538208008e-01
3.459403812885284424e-01
3.890329599380493164e-01
4.230291843414306641e-01
3.330736756324768066e-01
3.861349225044250488e-01
3.673568367958068848e-01
4.214273691177368164e-01
3.852654993534088135e-01
3.710420727729797363e-01
3.844716548919677734e-01
3.956671357154846191e-01
4.350072741508483887e-01
3.619762361049652100e-01
3.976125121116638184e-01
4.498392939567565918e-01
3.746747970581054688e-01
3.674764633178710938e-01
3.682264983654022217e-01
3.471721410751342773e-01
5.490689277648925781e-01
3.672275841236114502e-01
3.841126859188079834e-01
3.815819025039672852e-01
3.655588626861572266e-01
3.266071677207946777e-01
3.105687797069549561e-01
3.986774682998657227e-01
4.030928313732147217e-01
4.221179485321044922e-01
4.335084855556488037e-01
4.007655382156372070e-01
4.061446785926818848e-01
3.993693292140960693e-01
3.774214684963226318e-01
4.015175402164459229e-01
4.050872921943664551e-01
4.029830098152160645e-01
3.624088168144226074e-01
3.877785503864288330e-01
4.618051648139953613e-01
3.334177434444427490e-01
3.798448443412780762e-01
3.919597566127777100e-01
3.851716518402099609e-01
3.925909399986267090e-01
3.956601619720458984e-01
4.252936542034149170e-01
4.173565804958343506e-01
3.635295927524566650e-01
3.589394986629486084e-01
4.030965268611907959e-01
4.196180403232574463e-01
3.152773082256317139e-01
4.043051004409790039e-01
3.477658331394195557e-01
3.335240781307220459e-01
3.383956253528594971e-01
4.037168025970458984e-01
3.682130575180053711e-01
3.913070857524871826e-01
3.750123381614685059e-01
4.459418058395385742e-01
3.495965600013732910e-01
4.072933197021484375e-01
3.011792898178100586e-01
3.084070086479187012e-01
3.174099028110504150e-01
3.762359321117401123e-01
3.841857016086578369e-01
3.479267656803131104e-01
3.744427263736724854e-01
4.056763947010040283e-01
3.734585940837860107e-01
3.415770530700683594e-01
6.513321995735168457e-01
3.771224915981292725e-01
3.976003527641296387e-01
4.668590426445007324e-01
4.001902639865875244e-01
5.306535363197326660e-01
3.559847474098205566e-01
4.005499184131622314e-01
3.018789589405059814e-01
4.671283364295959473e-01
3.492754101753234863e-01
4.287307858467102051e-01
3.368459939956665039e-01
3.749221861362457275e-01
3.842687308788299561e-01
3.595966696739196777e-01
3.569300770759582520e-01
3.181674480438232422e-01
3.038289546966552734e-01
4.430409371852874756e-01
3.907066583633422852e-01
3.437094986438751221e-01
3.701368272304534912e-01
3.766843676567077637e-01
2.715685963630676270e-01
3.151907324790954590e-01
3.315928578376770020e-01
3.798955380916595459e-01
3.788113296031951904e-01
3.849129974842071533e-01
3.838253021240234375e-01
3.392186462879180908e-01
4.055651128292083740e-01
3.917393386363983154e-01
3.950192332267761230e-01
4.155974686145782471e-01
4.038848578929901123e-01
3.358448743820190430e-01
3.774740695953369141e-01
2.611338198184967041e-01
3.686770796775817871e-01
4.633609950542449951e-01
4.067169725894927979e-01
3.717913925647735596e-01
3.484527468681335449e-01
3.962934017181396484e-01
3.162908256053924561e-01
3.586415946483612061e-01
3.153735995292663574e-01
3.641393482685089111e-01
4.176728725433349609e-01
3.921411335468292236e-01
3.862335085868835449e-01
3.535922467708587646e-01
4.016987979412078857e-01
3.197660744190216064e-01
4.154251217842102051e-01
3.123939931392669678e-01
3.271916508674621582e-01
3.548660874366760254e-01
3.654283881187438965e-01
3.815121054649353027e-01
3.188867866992950439e-01
4.027609825134277344e-01
5.514016151428222656e-01
3.941571712493896484e-01
5.135827660560607910e-01
3.429079949855804443e-01
3.322519361972808838e-01
4.351030290126800537e-01
3.299634158611297607e-01
3.702397942543029785e-01
3.170205056667327881e-01
3.516495823860168457e-01
3.355254530906677246e-01
3.410557508468627930e-01
3.541302680969238281e-01
4.337256550788879395e-01
3.688473403453826904e-01
4.081525802612304688e-01
4.727401137351989746e-01
3.202615678310394287e-01
3.797605335712432861e-01
3.601819574832916260e-01
3.778457939624786377e-01
4.634291231632232666e-01
3.842352926731109619e-01
3.407229483127593994e-01
5.509661436080932617e-01
3.568843305110931396e-01
5.773985981941223145e-01
3.724979758262634277e-01
3.687795996665954590e-01
3.093075454235076904e-01
3.791387379169464111e-01
4.190714061260223389e-01
3.517070710659027100e-01
3.933732211589813232e-01
3.484109342098236084e-01
4.157184064388275146e-01
3.544496297836303711e-01
3.877978026866912842e-01
3.950567543506622314e-01
4.353848695755004883e-01
3.589672744274139404e-01
3.562460541725158691e-01
3.437224626541137695e-01
3.185130357742309570e-01
3.658349215984344482e-01
4.686928689479827881e-01
3.909592330455780029e-01
3.822575509548187256e-01
3.264237940311431885e-01
4.507479369640350342e-01
3.609283268451690674e-01
2.988791167736053467e-01
3.930406570434570312e-01
4.007028937339782715e-01
3.008256554603576660e-01
3.137559294700622559e-01
3.605370521545410156e-01
4.783999323844909668e-01
4.179313182830810547e-01
3.482829332351684570e-01
4.280734360218048096e-01
4.245133101940155029e-01
3.625240623950958252e-01
3.598651885986328125e-01
4.469425678253173828e-01
3.251930177211761475e-01
3.989242315292358398e-01
3.748992681503295898e-01
3.365280330181121826e-01
3.779813647270202637e-01
3.836690187454223633e-01
3.606813549995422363e-01
4.567183852195739746e-01
4.629178345203399658e-01
3.688781261444091797e-01
3.768034577369689941e-01
2.912253141403198242e-01
4.060496091842651367e-01
3.879235088825225830e-01
3.504634499549865723e-01
4.061657488346099854e-01
4.009284079074859619e-01
3.125337660312652588e-01
4.475308954715728760e-01
4.139068126678466797e-01
3.412145078182220459e-01
3.860077857971191406e-01
3.484402596950531006e-01
3.780248761177062988e-01
3.347437083721160889e-01
5.607427358627319336e-01
4.165557324886322021e-01
4.222769439220428467e-01
4.360738992691040039e-01
3.643355071544647217e-01
4.132671952247619629e-01
1.135622739791870117e+00
4.286840260028839111e-01
3.432905077934265137e-01
2.940419614315032959e-01
3.588187992572784424e-01
3.801547884941101074e-01
3.895783126354217529e-01
2.735671103000640869e-01
3.784052431583404541e-01
3.657141029834747314e-01
4.525326490402221680e-01
4.492945969104766846e-01
3.726730942726135254e-01
3.785457909107208252e-01
4.019781351089477539e-01
4.064959585666656494e-01
4.028300344944000244e-01
4.049206674098968506e-01
3.402383327484130859e-01
3.372665941715240479e-01
3.287227749824523926e-01
3.213216960430145264e-01
3.408109545707702637e-01
4.165446758270263672e-01
4.950833320617675781e-01
3.879858851432800293e-01
3.139222264289855957e-01
3.228809535503387451e-01
4.051951766014099121e-01
2.910383045673370361e-01
3.313389718532562256e-01
3.103261291980743408e-01
3.664262294769287109e-01
3.521496951580047607e-01
3.942109048366546631e-01
5.134038925170898438e-01
3.334817886352539062e-01
4.473956227302551270e-01
3.721328079700469971e-01
4.413609504699707031e-01
4.144477546215057373e-01
3.299615085124969482e-01
3.321048617362976074e-01
5.188043117523193359e-01
3.889768719673156738e-01
3.809201717376708984e-01
3.532286286354064941e-01
3.417455852031707764e-01
4.351852238178253174e-01
3.463711738586425781e-01
4.677946865558624268e-01
3.832443058490753174e-01
4.132995605468750000e-01
3.204967975616455078e-01
5.047754645347595215e-01
3.889339268207550049e-01
4.398446083068847656e-01
3.361277580261230469e-01
4.573813080787658691e-01
3.812094032764434814e-01
4.758520424365997314e-01
3.311391472816467285e-01
4.291637241840362549e-01
3.109340965747833252e-01
4.505082964897155762e-01
4.333551824092864990e-01
4.728143215179443359e-01
4.671059846878051758e-01
4.477437138557434082e-01
3.081360757350921631e-01
3.697428107261657715e-01
4.459110498428344727e-01
4.623351395130157471e-01
4.021208882331848145e-01
4.221873879432678223e-01
4.662553071975708008e-01
4.141717553138732910e-01
3.491414189338684082e-01
5.266081690788269043e-01
3.401923477649688721e-01
3.984335064888000488e-01
4.206770062446594238e-01
4.568785429000854492e-01
4.107430279254913330e-01
3.532493710517883301e-01
3.749734163284301758e-01
4.288147687911987305e-01
4.136304259300231934e-01
4.171750247478485107e-01
3.293827772140502930e-01
3.685083389282226562e-01
3.169262111186981201e-01
3.482209742069244385e-01
3.884696364402770996e-01
4.074636399745941162e-01
3.380161225795745850e-01
4.216197133064270020e-01
3.549047708511352539e-01
3.465587794780731201e-01
5.055871009826660156e-01
4.102952480316162109e-01
4.595253765583038330e-01
3.097023367881774902e-01
3.165756762027740479e-01
3.282493948936462402e-01
3.559225201606750488e-01
5.809720754623413086e-01
3.339321911334991455e-01
3.167334198951721191e-01
3.493526577949523926e-01
3.827317655086517334e-01
3.695031404495239258e-01
4.090274274349212646e-01
4.160212874412536621e-01
3.154622614383697510e-01
3.348030745983123779e-01
3.804674148559570312e-01
3.699195384979248047e-01
3.015887439250946045e-01
4.192114770412445068e-01
4.526795446872711182e-01
3.740555644035339355e-01
3.301926851272583008e-01
4.393039643764495850e-01
3.651878237724304199e-01
3.774107098579406738e-01
3.718644082546234131e-01
3.628413677215576172e-01
4.857040941715240479e-01
4.815377891063690186e-01
4.764980971813201904e-01
3.637317717075347900e-01
3.622958660125732422e-01
4.253095388412475586e-01
4.044298827648162842e-01
3.734003305435180664e-01
3.767833113670349121e-01
3.935711979866027832e-01
3.292300403118133545e-01
3.387016355991363525e-01
3.603138923645019531e-01
3.781900107860565186e-01
4.232549965381622314e-01
3.525443971157073975e-01
4.005329906940460205e-01
4.749920666217803955e-01
3.827608823776245117e-01
3.832800388336181641e-01
4.802589714527130127e-01
3.963485062122344971e-01
3.972861766815185547e-01
3.873365521430969238e-01
4.513042867183685303e-01
3.531249463558197021e-01
3.835827410221099854e-01
3.459407091140747070e-01
4.316709935665130615e-01
4.057662189006805420e-01
4.018982350826263428e-01
4.066310822963714600e-01
4.487172961235046387e-01
4.389034509658813477e-01
4.544602632522583008e-01
3.764020800590515137e-01
4.283539950847625732e-01
3.504296541213989258e-01
3.698514401912689209e-01
4.349037706851959229e-01
3.077931404113769531e-01
5.021408796310424805e-01
4.005933403968811035e-01
3.909157812595367432e-01
3.572034239768981934e-01
3.740957677364349365e-01
3.712823092937469482e-01
3.851655125617980957e-01
3.681580722332000732e-01
4.391321837902069092e-01
4.330806136131286621e-01
3.710141479969024658e-01
3.946925699710845947e-01
6.327084302902221680e-01
4.226802885532379150e-01
3.654088675975799561e-01
3.738450706005096436e-01
7.762918472290039062e-01
4.727146029472351074e-01
5.136035084724426270e-01
3.069791197776794434e-01
3.544175624847412109e-01
3.836435079574584961e-01
3.855667412281036377e-01
3.442658782005310059e-01
4.043830931186676025e-01
3.969992697238922119e-01
3.294210135936737061e-01
4.062667191028594971e-01
4.059465527534484863e-01
3.630314469337463379e-01
3.694545030593872070e-01
3.474411070346832275e-01
3.372755944728851318e-01
3.508204519748687744e-01
2.925050556659698486e-01
3.442620635032653809e-01
3.400169014930725098e-01
3.314171135425567627e-01
3.714956343173980713e-01
3.075138330459594727e-01
3.670143485069274902e-01
3.361052870750427246e-01
4.318223893642425537e-01
3.522285223007202148e-01
4.043886661529541016e-01
4.274793267250061035e-01
3.390557169914245605e-01
3.220990002155303955e-01
4.274806976318359375e-01
4.437952339649200439e-01
4.138020277023315430e-01
3.442482948303222656e-01
3.591028451919555664e-01
5.420661568641662598e-01
4.277512729167938232e-01
2.564663589000701904e-01
3.499158620834350586e-01
3.821813166141510010e-01
4.160735309123992920e-01
3.882478177547454834e-01
4.216011762619018555e-01
3.232181966304779053e-01
3.984026014804840088e-01
